20.002 6645 81.516869419771
20.028 6572 81.067872798045
20.054 6575 81.0863737011343
20.08 6570 81.0555365166378
20.106 6390 79.9374755668454
20.132 6432 80.1997506230537
20.158 6418 80.1124210094789
20.184 6445 80.2807573457052
20.21 6303 79.3914353063352
20.236 6531 80.8146026408594
20.262 6362 79.7621464104371
20.288 6394 79.9624912068152
20.314 6388 79.9249648107523
20.34 6341 79.6303962064738
20.366 6337 79.6052762070455
20.392 6401 80.0062497558784
20.418 6521 80.7527089328897
20.444 6253 79.0759128938769
20.47 6386 79.9124520960282
20.496 6400 80
20.522 6239 78.9873407578708
20.548 6106 78.1408983823452
20.574 6325 79.5298686029343
20.6 6287 79.2906047397799
20.626 6260 79.1201617794099
20.652 6252 79.0695896030832
20.678 6242 79.0063288604147
20.704 6236 78.9683480895985
20.73 6096 78.0768851837725
20.756 6068 77.8973683766018
20.782 6094 78.064076245095
20.808 6053 77.8010282708397
20.834 6091 78.0448588953814
20.86 6112 78.1792811427683
20.886 6137 78.3390068867355
20.912 6084 78
20.938 6035 77.6852624376078
20.964 6063 77.8652682522831
20.99 6032 77.6659513557904
21.016 5979 77.3239936888932
21.042 6031 77.6595132614157
21.068 6056 77.8203058333749
21.094 6019 77.5822144566653
21.12 5934 77.032460690283
21.146 5865 76.5832879941832
21.172 5836 76.3937170191371
21.198 5896 76.7854152818099
21.224 5914 76.9025357189215
21.25 5839 76.4133496190293
21.276 5850 76.4852927038918
21.302 5917 76.9220384545287
21.328 5872 76.6289762426721
21.354 5907 76.8570100901668
21.38 6000 77.4596669241483
21.406 5897 76.791926658992
21.432 5826 76.3282385490455
21.458 5917 76.9220384545287
21.484 5885 76.7137536560427
21.51 5753 75.8485332752058
21.536 5820 76.2889244910426
21.562 5892 76.7593642495819
21.588 5866 76.5898165554664
21.614 5846 76.4591394144611
21.64 5751 75.8353479585872
21.666 5658 75.219678276366
21.692 5662 75.2462623656484
21.718 5652 75.17978451685
21.744 5709 75.5579247994544
21.77 5741 75.7693869580585
21.796 5718 75.6174583016383
21.822 5708 75.5513070700964
21.848 5755 75.8617163001207
21.874 5671 75.3060422542574
21.9 5692 75.4453444554401
21.926 5718 75.6174583016383
21.952 5615 74.933303677337
21.978 5498 74.1484996476665
22.004 5576 74.6726188103779
22.03 5659 75.2263251794211
22.056 5558 74.5519952784632
22.082 5558 74.5519952784632
22.108 5683 75.385675031799
22.134 5671 75.3060422542574
22.16 5500 74.1619848709566
22.186 5566 74.6056298143779
22.212 5531 74.3706931526122
22.238 5442 73.769912566032
22.264 5435 73.7224524822662
22.29 5419 73.613857391119
22.316 5529 74.3572457800852
22.342 5534 74.3908596535892
22.368 5416 73.5934779718964
22.394 5513 74.2495791233863
22.42 5489 74.0877857679658
22.446 5341 73.0821455623739
22.472 5411 73.559499726412
22.498 5426 73.6613874428116
22.524 5408 73.5391052434009
22.55 5370 73.280283842245
22.576 5402 73.4982993000518
22.602 5453 73.844431069648
22.628 5395 73.4506637138154
22.654 5291 72.7392603756733
22.68 5439 73.7495762699692
22.706 5382 73.3621155638249
22.732 5372 73.2939288072348
22.758 5335 73.0410843293006
22.784 5360 73.2120208708925
22.81 5347 73.1231837381278
22.836 5321 72.9451848993475
22.862 5197 72.0902212508742
22.888 5358 73.1983606373804
22.914 5334 73.0342385460409
22.94 5326 72.9794491620758
22.966 5278 72.6498451478047
22.992 5189 72.034713853808
23.018 5188 72.0277724214764
23.044 5161 71.8401002226472
23.07 5158 71.8192174839019
23.096 5212 72.1941825911202
23.122 5222 72.2634070605587
23.148 5126 71.596089278675
23.174 5172 71.9166183854608
23.2 5185 72.0069441095788
23.226 5216 72.2218803410712
23.252 5084 71.3021738799035
23.278 5090 71.3442359269479
23.304 5123 71.5751353474096
23.33 5033 70.9436396021518
23.356 5053 71.0844568101916
23.382 5109 71.4772691140337
23.408 5106 71.4562803397994
23.434 5000 70.7106781186548
23.46 5013 70.8025423272357
23.486 5093 71.3652576538472
23.512 5084 71.3021738799035
23.538 5020 70.8519583356734
23.564 5026 70.8942874990644
23.59 5016 70.8237248385031
23.616 5044 71.0211236182588
23.642 4990 70.6399320497974
23.668 4906 70.0428440313498
23.694 4931 70.221079456243
23.72 4917 70.1213234330328
23.746 4925 70.178344238091
23.772 4928 70.199715099137
23.798 4933 70.2353187506115
23.824 4909 70.0642562224134
23.85 4957 70.4059656563277
23.876 5007 70.760158281338
23.902 4934 70.2424373153438
23.928 4876 69.8283610003844
23.954 4837 69.5485441975603
23.98 4861 69.7208720542134
24.006 4876 69.8283610003844
24.032 4855 69.6778300465794
24.058 4900 70
24.084 4849 69.6347614342147
24.11 4800 69.2820323027551
24.136 4821 69.4334213473598
24.162 4824 69.4550214167413
24.188 4868 69.7710541700496
24.214 4869 69.778220097678
24.24 4882 69.8713102782537
24.266 4812 69.3685807840985
24.292 4746 68.8912185985993
24.318 4757 68.9710084020815
24.344 4760 68.9927532426414
24.37 4774 69.0941386804988
24.396 4828 69.4838110641608
24.422 4857 69.6921803361037
24.448 4731 68.7822651560706
24.474 4683 68.4324484437025
24.5 4749 68.9129886160802
24.526 4795 69.2459385090563
24.552 4767 69.0434645712395
24.578 4770 69.065186599328
24.604 4746 68.8912185985993
24.63 4797 69.2603782836912
24.656 4817 69.4046107978425
24.682 4775 69.1013748054263
24.708 4799 69.274815048472
24.734 4874 69.8140387028282
24.76 4963 70.4485627958442
24.786 4903 70.0214252925489
24.812 4763 69.0144912319145
24.838 4849 69.6347614342147
24.864 4715 68.6658576004116
24.89 4733 68.7968022512675
24.916 4609 67.8896162899747
24.942 4680 68.4105255059483
24.968 4750 68.9202437604511
24.994 4651 68.1982404465101
25.02 4703 68.5784222623997
25.046 4790 69.2098258919931
25.072 4642 68.1322243875833
25.098 4591 67.7569184659397
25.124 4839 69.5629211577547
25.15 4789 69.2026011071838
25.176 4785 69.173694422085
25.202 4833 69.5197813575388
25.228 4885 69.8927750200262
25.254 5128 71.6100551598726
25.28 5374 73.307571232445
25.306 5629 75.0266619276108
25.332 6070 77.9102047231298
25.358 5848 76.4722171772206
25.384 5549 74.4916102658548
25.41 5410 73.5527021937332
25.436 5234 72.3463889907437
25.462 5136 71.6658914686757
25.488 5025 70.8872343937891
25.514 5267 72.5741000633146
25.54 5517 74.2765104188397
25.566 6117 78.2112523873643
25.592 6705 81.8840643837371
25.618 6633 81.4432317629894
25.644 5934 77.032460690283
25.67 5787 76.0723339986358
25.696 5378 73.3348484691964
25.722 4851 69.6491205974634
25.748 4543 67.4017803919155
25.774 4501 67.089492470878
25.8 4496 67.0522184569608
25.826 4468 66.8430998682736
25.852 4456 66.7532770731145
25.878 4374 66.1362230551458
25.904 4381 66.1891229734916
25.93 4330 65.8027355054484
25.956 4274 65.3758365147246
25.982 4283 65.4446330878247
26.008 4304 65.6048778674269
26.034 4333 65.8255269633294
26.06 4272 65.3605385534728
26.086 4229 65.0307619515564
26.112 4225 65
26.138 4219 64.9538297562199
26.164 4241 65.1229606206597
26.19 4325 65.7647321898295
26.216 4294 65.5286197016235
26.242 4269 65.3375848956785
26.268 4275 65.3834841531101
26.294 4253 65.2150289427215
26.32 4305 65.612498809297
26.346 4334 65.8331223625312
26.372 4320 65.7267069006199
26.398 4294 65.5286197016235
26.424 4282 65.4369925959315
26.45 4378 66.1664567586931
26.476 4536 67.3498329619309
26.502 4663 68.2861625807162
26.528 4778 69.1230786351418
26.554 4842 69.5844810284592
26.58 4815 69.3902010373223
26.606 4724 68.7313611097583
26.632 4714 68.6585755750875
26.658 4771 69.0724257573165
26.684 4728 68.7604537506843
26.71 4684 68.4397545290747
26.736 4768 69.0507060065283
26.762 4831 69.5053954740206
26.788 4772 69.0796641566822
26.814 4811 69.3613725354393
26.84 4778 69.1230786351418
26.866 4721 68.7095335452075
26.892 4786 69.1809222257119
26.918 4797 69.2603782836912
26.944 4845 69.6060342211794
26.97 4951 70.3633427290091
26.996 5031 70.9295425052213
27.022 5100 71.4142842854285
27.048 5272 72.6085394426854
27.074 5441 73.7631344236401
27.1 5687 75.4122006044115
27.126 5968 77.2528316633119
27.152 6322 79.5110055275369
27.178 6973 83.5044908971967
27.204 7793 88.2779700718135
27.23 8913 94.408686041063
27.256 10345 101.71037311897
27.282 12805 113.159179919262
27.308 16367 127.933576515315
27.334 21710 147.343136928735
27.36 29268 171.078929152599
27.386 41536 203.803827245712
27.412 61230 247.446964014514
27.438 89620 299.365996733096
27.464 111681 334.187073358621
27.49 100419 316.88957067092
27.516 74909 273.695085816315
27.542 60404 245.772252298749
27.568 39176 197.929280299808
27.594 20971 144.813673387564
27.62 13407 115.788600475176
27.646 10456 102.254584249314
27.672 8797 93.7923237797209
27.698 7576 87.0402205879558
27.724 6701 81.8596359630313
27.75 6203 78.7591264552877
27.776 5816 76.2627038597505
27.802 5352 73.1573646326875
27.828 5296 72.773621594641
27.854 4973 70.5195008490559
27.88 4841 69.5772951471958
27.906 4772 69.0796641566822
27.932 4548 67.4388612003495
27.958 4657 68.2422156732913
27.984 4476 66.9029147347109
28.01 4358 66.015149776396
28.036 4225 65
28.062 4304 65.6048778674269
28.088 4389 66.2495283002075
28.114 4284 65.4522726878143
28.14 4284 65.4522726878143
28.166 4284 65.4522726878143
28.192 4106 64.0780773744032
28.218 4140 64.3428317685816
28.244 4117 64.1638527521532
28.27 4115 64.1482657598785
28.296 4002 63.2613626157388
28.322 3961 62.9364759102383
28.348 4035 63.521649852629
28.374 4070 63.7965516309463
28.4 3879 62.2816184760801
28.426 3809 61.7170964968379
28.452 3919 62.6019169035582
28.478 3818 61.7899668231016
28.504 3795 61.6035713250458
28.53 3872 62.2253967444162
28.556 3897 62.4259561400544
28.582 3950 62.8490254498827
28.608 3806 61.6927872607487
28.634 3803 61.6684684421463
28.66 3891 62.3778806950028
28.686 3839 61.9596642986387
28.712 3799 61.6360284249399
28.738 3833 61.9112267686564
28.764 3846 62.0161269348546
28.79 3784 61.5142259969188
28.816 3741 61.1637147334921
28.842 3749 61.2290780593665
28.868 3694 60.778285596091
28.894 3743 61.1800621117697
28.92 3804 61.6765757804371
28.946 3722 61.0081961706786
28.972 3740 61.1555394056826
28.998 3772 61.4166101311364
29.024 3710 60.9097693313642
29.05 3702 60.844062980705
29.076 3706 60.8769250208977
29.102 3708 60.8933493905533
29.128 3758 61.3025284959764
29.154 3747 61.2127437712116
29.18 3652 60.4317797189525
29.206 3572 59.7662111899357
29.232 3581 59.8414572015087
29.258 3667 60.5557594288107
29.284 3714 60.9425959407704
29.31 3674 60.613529842767
29.336 3593 59.9416382825828
29.362 3544 59.5315042645489
29.388 3593 59.9416382825828
29.414 3585 59.8748695196908
29.44 3492 59.0931468107766
29.466 3467 58.8812364000621
29.492 3452 58.7537232862735
29.518 3484 59.0254182534948
29.544 3498 59.143892330485
29.57 3504 59.194594347795
29.596 3535 59.455865984779
29.622 3613 60.1082357085949
29.648 3489 59.0677577024894
29.674 3458 58.8047617119566
29.7 3512 59.2621295601162
29.726 3467 58.8812364000621
29.752 3409 58.38664230798
29.778 3439 58.642987645583
29.804 3494 59.1100668245266
29.83 3510 59.2452529743945
29.856 3488 59.0592922409336
29.882 3431 58.5747385824299
29.908 3486 59.042357676502
29.934 3512 59.2621295601162
29.96 3377 58.1119609030705
29.986 3407 58.36951259005
30.012 3473 58.9321643926303
30.038 3324 57.6541412215983
30.064 3393 58.2494635168428
30.09 3431 58.5747385824299
30.116 3403 58.335238064141
30.142 3296 57.4108003776293
30.168 3446 58.7026404857567
30.194 3353 57.9050947672137
30.22 3382 58.1549653941948
30.246 3261 57.1051661410769
30.272 3357 57.9396237474839
30.298 3335 57.7494588719236
30.324 3365 58.0086200490927
30.35 3313 57.5586657246326
30.376 3351 57.8878225536252
30.402 3405 58.3523778435806
30.428 3302 57.4630315942346
30.454 3246 56.9736781329765
30.48 3251 57.0175411605937
30.506 3341 57.8013840664737
30.532 3235 56.8770604022395
30.558 3213 56.6833308830736
30.584 3210 56.6568618968612
30.61 3254 57.0438427878066
30.636 3224 56.7802782663136
30.662 3243 56.9473440996154
30.688 3384 58.1721582889959
30.714 3212 56.674509261219
30.74 3212 56.674509261219
30.766 3328 57.6888204074238
30.792 3300 57.4456264653803
30.818 3202 56.5862174031804
30.844 3160 56.2138772902208
30.87 3150 56.1248608016091
30.896 3088 55.5697759577992
30.922 3131 55.9553393341511
30.948 3177 56.3648826841678
30.974 3119 55.8480080217728
31 3155 56.1693866799345
31.026 3192 56.4977875673021
31.052 3145 56.0802995712398
31.078 3144 56.0713830755047
31.104 3162 56.2316636780382
31.13 3125 55.9016994374947
31.156 3116 55.8211429478115
31.182 3119 55.8480080217728
31.208 3060 55.3172667437573
31.234 3071 55.4166040099896
31.26 3084 55.5337735076593
31.286 3144 56.0713830755047
31.312 3163 56.2405547625555
31.338 3117 55.8300994088314
31.364 3085 55.5427763079953
31.39 3237 56.8946394662977
31.416 3222 56.7626637852735
31.442 3229 56.8242905807015
31.468 3412 58.4123274660409
31.494 3391 58.2322934461627
31.52 3330 57.706152185014
31.546 3311 57.5412895232632
31.572 3241 56.9297813099611
31.598 3210 56.6568618968612
31.624 3182 56.4092191046818
31.65 3125 55.9016994374947
31.676 3055 55.2720544217419
31.702 3070 55.4075807087803
31.728 3081 55.5067563455117
31.754 3061 55.3263047744922
31.78 3057 55.2901437871163
31.806 3020 54.9545266561363
31.832 3005 54.817880294663
31.858 2969 54.4885309033011
31.884 2923 54.0647759636531
31.91 2954 54.3507129668048
31.936 2978 54.571054598569
31.962 2977 54.561891462815
31.988 2989 54.6717477313466
32.014 2957 54.3783044972901
32.04 2905 53.8980519128475
32.066 2866 53.5350352572967
32.092 2862 53.497663500381
32.118 2960 54.4058820349418
32.144 2976 54.5527267879434
32.17 2943 54.2494239600754
32.196 2961 54.4150714416512
32.222 2890 53.7587202228625
32.248 2843 53.3197899470731
32.274 2932 54.1479454827235
32.3 2925 54.0832691319598
32.326 2892 53.777318638995
32.352 2910 53.9444158370447
32.378 2889 53.7494186015068
32.404 2914 53.9814783050631
32.43 2851 53.39475629685
32.456 2841 53.3010318849457
32.482 2885 53.7121960079831
32.508 3048 55.208694967369
32.534 3003 54.799635035281
32.56 2892 53.777318638995
32.586 2736 52.3067873224881
32.612 2816 53.0659966456864
32.638 2775 52.6782687642637
32.664 2783 52.7541467564399
32.69 2773 52.6592821827263
32.716 2809 53
32.742 2826 53.160135440008
32.768 2738 52.3259018078045
32.794 2740 52.3450093132096
32.82 2794 52.85830114561
32.846 2859 53.4696175411794
32.872 2773 52.6592821827263
32.898 2811 53.0188645672463
32.924 2825 53.1507290636732
32.95 2813 53.0377224247045
32.976 2833 53.2259335286851
33.002 2707 52.0288381573143
33.028 2772 52.6497863243527
33.054 2755 52.4880938880428
33.08 2731 52.2589705218157
33.106 2731 52.2589705218157
33.132 2910 53.9444158370447
33.158 2870 53.5723809439155
33.184 2854 53.4228415567723
33.21 2689 51.8555686498567
33.236 2739 52.3354564325181
33.262 2721 52.1632054229799
33.288 2774 52.6687763290548
33.314 2721 52.1632054229799
33.34 2716 52.1152568831815
33.366 2748 52.4213696883246
33.392 2768 52.6117857518636
33.418 2758 52.5166640220035
33.444 2672 51.6913919332803
33.47 2636 51.3419906119737
33.496 2734 52.2876658496055
33.522 2634 51.3225096814254
33.548 2640 51.3809303146605
33.574 2660 51.5751878329105
33.6 2652 51.4975727583349
33.626 2586 50.8527285403645
33.652 2621 51.1957029446808
33.678 2683 51.7976833458795
33.704 2668 51.6526862805798
33.73 2666 51.6333225737023
33.756 2661 51.5848815061157
33.782 2591 50.9018663704977
33.808 2664 51.6139516022558
33.834 2646 51.4392845984467
33.86 2604 51.0294032886923
33.886 2627 51.254268114958
33.912 2597 50.9607692249636
33.938 2703 51.9903837262238
33.964 2660 51.5751878329105
33.99 2581 50.8035431835222
34.016 2648 51.4587213210744
34.042 2640 51.3809303146605
34.068 2621 51.1957029446808
34.094 2587 50.8625599041181
34.12 2584 50.8330601085553
34.146 2531 50.3090449124211
34.172 2563 50.6260802353886
34.198 2672 51.6913919332803
34.224 2600 50.9901951359278
34.25 2557 50.5667875190821
34.276 2550 50.4975246918104
34.302 2546 50.4579032461715
34.328 2585 50.8428952755446
34.354 2580 50.7937003968012
34.38 2554 50.5371150739731
34.406 2551 50.5074251966976
34.432 2566 50.6557005676558
34.458 2592 50.9116882454314
34.484 2635 51.3322510708424
34.51 2662 51.5945733580577
34.536 2572 50.7148893324239
34.562 2494 49.9399639567351
34.588 2511 50.1098792654702
34.614 2517 50.1697119784437
34.64 2576 50.7543101617981
34.666 2542 50.4182506638221
34.692 2470 49.6990945591567
34.718 2510 50.0999001995014
34.744 2569 50.6853035898967
34.77 2641 51.3906606301184
34.796 2673 51.7010638188423
34.822 2761 52.5452186216786
34.848 2737 52.3163454381133
34.874 2721 52.1632054229799
34.9 2739 52.3354564325181
34.926 2847 53.3572862878164
34.952 2886 53.7215040742532
34.978 2853 53.4134814442946
35.004 2944 54.2586398650021
35.03 3022 54.972720507539
35.056 3221 56.7538544946508
35.082 3481 59
35.108 3895 62.4099351065197
35.134 4627 68.0220552468095
35.16 5672 75.3126815350509
35.186 6094 78.064076245095
35.212 5181 71.9791636517124
35.238 4531 67.3127031101857
35.264 4528 67.2904153650429
35.29 4159 64.4903093495449
35.316 3485 59.0338885725818
35.342 3164 56.2494444417009
35.368 2906 53.9073278877742
35.394 2956 54.3691088762727
35.42 2945 54.2678542048605
35.446 2941 54.230987451825
35.472 2962 54.4242592967511
35.498 2941 54.230987451825
35.524 2972 54.516052681756
35.55 2924 54.0740233383831
35.576 3046 55.1905789061865
35.602 3001 54.7813836992093
35.628 3175 56.3471383479232
35.654 3225 56.7890834580027
35.68 3189 56.471231613982
35.706 3290 57.3585215987999
35.732 3346 57.8446194559183
35.758 3395 58.2666285278289
35.784 3607 60.0583050043872
35.81 3681 60.6712452484701
35.836 3852 62.0644825967316
35.862 4214 64.9153294684699
35.888 4649 68.1835757349231
35.914 5363 73.2325064435186
35.94 6257 79.1012010022604
35.966 7839 88.5381273802422
35.992 10065 100.324473584465
36.018 14518 120.490663538716
36.044 21630 147.071411225976
36.07 33481 182.978140770968
36.096 46533 215.715089875511
36.122 44905 211.907998905185
36.148 32465 180.180465089865
36.174 28120 167.690190530037
36.2 27182 164.869645477874
36.226 19717 140.417235409333
36.252 11572 107.573230870882
36.278 7463 86.3886566627818
36.304 5614 74.9266307797168
36.33 4667 68.3154448130143
36.356 4110 64.1092816992984
36.382 3727 61.0491605183888
36.408 3403 58.335238064141
36.434 3230 56.8330889535313
36.46 3043 55.1633936592012
36.486 2928 54.1109970338747
36.512 2791 52.8299157674892
36.538 2678 51.7493961317424
36.564 2649 51.4684369298311
36.59 2688 51.8459255872629
36.616 2674 51.7107338953916
36.642 2635 51.3322510708424
36.668 2635 51.3322510708424
36.694 2588 50.8723893679076
36.72 2590 50.8920425999979
36.746 2486 49.8598034492716
36.772 2448 49.4772675074119
36.798 2441 49.4064773081425
36.824 2497 49.9699909945959
36.85 2517 50.1697119784437
36.876 2465 49.6487663492256
36.902 2437 49.3659801887899
36.928 2450 49.4974746830583
36.954 2499 49.9899989998
36.98 2442 49.4165964024233
37.006 2388 48.8671668914825
37.032 2403 49.0204039151046
37.058 2434 49.335585534176
37.084 2419 49.1833305094317
37.11 2332 48.2907858705985
37.136 2345 48.425200051213
37.162 2347 48.4458460551573
37.188 2290 47.8539444560216
37.214 2314 48.1040538832228
37.24 2356 48.5386443980464
37.266 2299 47.9478883789474
37.292 2225 47.169905660283
37.318 2316 48.1248376620639
37.344 2347 48.4458460551573
37.37 2267 47.6130234284697
37.396 2237 47.2969343615419
37.422 2279 47.73887304912
37.448 2269 47.6340214552582
37.474 2319 48.155996511338
37.5 2337 48.3425278610873
37.526 2234 47.2652091923859
37.552 2275 47.6969600708473
37.578 2241 47.3392015141785
37.604 2287 47.8225888048734
37.63 2322 48.187135212627
37.656 2377 48.7544869729956
37.682 2432 49.3153120237518
37.708 2534 50.3388517946129
37.734 2793 52.8488410468952
37.76 3180 56.3914887194867
37.786 3595 59.9583188556851
37.812 3851 62.0564259364008
37.838 3507 59.2199290779717
37.864 3128 55.9285258164383
37.89 3147 56.098128311023
37.916 3006 54.8270006474912
37.942 2727 52.2206855565876
37.968 2435 49.3457191659013
37.994 2397 48.9591666595746
38.02 2280 47.7493455452533
38.046 2281 47.7598157450382
38.072 2189 46.7867502611583
38.098 2227 47.1911008559877
38.124 2219 47.1062628532555
38.15 2190 46.7974358271904
38.176 2208 46.9893604978829
38.202 2161 46.4865571966778
38.228 2142 46.2817458616245
38.254 2093 45.7493169347915
38.28 2175 46.6368952654441
38.306 2224 47.1593044902064
38.332 2164 46.518813398452
38.358 2076 45.5631429995781
38.384 2081 45.6179789118282
38.41 2078 45.5850852801659
38.436 2180 46.690470119715
38.462 2155 46.4219775537406
38.488 2099 45.8148447558212
38.514 2162 46.4973117502507
38.54 2170 46.5832587954085
38.566 2221 47.1274866717927
38.592 2119 46.0325971459356
38.618 2169 46.5725240887801
38.644 2215 47.0637865030004
38.67 2126 46.108567533594
38.696 2237 47.2969343615419
38.722 2127 46.1194102304008
38.748 2131 46.1627555503352
38.774 2106 45.8911756223351
38.8 2150 46.3680924774785
38.826 2114 45.9782557302906
38.852 2169 46.5725240887801
38.878 2174 46.6261729074991
38.904 2115 45.9891291502677
38.93 2145 46.3141447076376
38.956 2216 47.0744091837593
38.982 2354 48.5180378828328
39.008 2440 49.3963561409139
39.034 2471 49.7091540865463
39.06 2529 50.2891638427206
39.086 2747 52.4118307255146
39.112 3194 56.5154846037792
39.138 4077 63.8513899613783
39.164 5227 72.29799443968
39.19 6825 82.6135582092915
39.216 7844 88.5663593019381
39.242 6936 83.282651254628
39.268 5623 74.9866654812707
39.294 5317 72.9177618965366
39.32 5168 71.8888030224457
39.346 4382 66.1966766537415
39.372 3374 58.0861429258304
39.398 2768 52.6117857518636
39.424 2465 49.6487663492256
39.45 2311 48.0728613668877
39.476 2266 47.6025209416476
39.502 2188 46.776062254106
39.528 2147 46.3357313528124
39.554 2120 46.0434577328854
39.58 2090 45.7165178026498
39.606 2084 45.6508488420533
39.632 2020 44.9444101084885
39.658 2009 44.8218696620299
39.684 2026 45.0111097397076
39.71 2015 44.8887513749269
39.736 2034 45.0998891351187
39.762 1993 44.6430285710994
39.788 1983 44.5308881564246
39.814 2069 45.4862616621766
39.84 2094 45.7602447545902
39.866 2048 45.254833995939
39.892 2031 45.066617356975
39.918 1977 44.4634681508314
39.944 1937 44.0113621693308
39.97 2002 44.7437146423942
39.996 1957 44.2379927211893
40.022 1986 44.5645599103144
40.048 2008 44.8107130048162
40.074 1932 43.9545219516718
40.1 1913 43.7378554572581
40.126 1975 44.4409720865779
40.152 1975 44.4409720865779
40.178 2019 44.9332838773219
40.204 1962 44.2944691807002
40.23 1990 44.6094160463909
40.256 1945 44.1021541423999
40.282 1911 43.7149859887888
40.308 1994 44.6542271235322
40.334 1954 44.2040722106007
40.36 1971 44.3959457608462
40.386 1976 44.4522215417857
40.412 1994 44.6542271235322
40.438 1967 44.3508737230734
40.464 1942 44.0681290730614
40.49 1939 44.034077712608
40.516 1983 44.5308881564246
40.542 1987 44.5757781760453
40.568 1945 44.1021541423999
40.594 1986 44.5645599103144
40.62 1993 44.6430285710994
40.646 2008 44.8107130048162
40.672 1956 44.226688774992
40.698 1968 44.3621460256377
40.724 1932 43.9545219516718
40.75 1939 44.034077712608
40.776 1936 44
40.802 2014 44.8776113446337
40.828 1978 44.4747119158742
40.854 2052 45.2990066116245
40.88 2165 46.5295604965274
40.906 2081 45.6179789118282
40.932 2109 45.9238500128201
40.958 2336 48.3321838943783
40.984 2375 48.7339717240448
41.01 2433 49.3254498205541
41.036 2738 52.3259018078045
41.062 2896 53.8144961882948
41.088 3255 57.0526073023836
41.114 3650 60.4152298679729
41.14 4590 67.7495387438173
41.166 6130 78.2943165242535
41.192 8730 93.4344690143846
41.218 13214 114.952163963972
41.244 20116 141.830885211931
41.27 23300 152.643375224737
41.296 17760 133.266649991661
41.322 12899 113.573764576156
41.348 12720 112.782977438973
41.374 13360 115.585466214399
41.4 10012 100.059982010792
41.426 6144 78.3836717690617
41.452 4190 64.730209330729
41.478 3339 57.7840808527747
41.504 2863 53.507008886687
41.53 2679 51.7590571784301
41.556 2441 49.4064773081425
41.582 2279 47.73887304912
41.608 2184 46.7332857821917
41.634 2136 46.2168800331654
41.66 2101 45.8366665454634
41.686 2054 45.3210767744986
41.712 2040 45.1663591625449
41.738 1974 44.4297197830461
41.764 1942 44.0681290730614
41.79 1933 43.9658958739612
41.816 1973 44.4184646290256
41.842 2003 44.7548880012005
41.868 1853 43.0464865000618
41.894 1854 43.058100283222
41.92 1882 43.3820239269677
41.946 1853 43.0464865000618
41.972 1862 43.1508980207828
41.998 1881 43.3704968844029
42.024 1839 42.8835632847831
42.05 1872 43.2666153055679
42.076 1890 43.4741302385683
42.102 1842 42.9185274677499
42.128 1830 42.7784992724149
42.154 1868 43.2203655699486
42.18 1844 42.9418211071678
42.206 1790 42.3083916026124
42.232 1815 42.6028168082816
42.258 1841 42.9068759058499
42.284 1820 42.6614580154031
42.31 1779 42.1781934179263
42.336 1757 41.9165838302694
42.362 1724 41.5210789840534
42.388 1696 41.182520563948
42.414 1748 41.8090899207337
42.44 1799 42.414620120897
42.466 1851 43.0232495285979
42.492 1848 42.9883705204094
42.518 1785 42.2492603485552
42.544 1805 42.485291572496
42.57 1834 42.8252262107277
42.596 1815 42.6028168082816
42.622 1762 41.9761837236307
42.648 1731 41.6052881254294
42.674 1698 41.206795556073
42.7 1705 41.2916456441252
42.726 1775 42.1307488658818
42.752 1774 42.1188793773054
42.778 1803 42.4617474911243
42.804 1782 42.2137418384109
42.83 1736 41.6653333119993
42.856 1686 41.0609303352956
42.882 1732 41.6173040933696
42.908 1790 42.3083916026124
42.934 1732 41.6173040933696
42.96 1822 42.6848919408261
42.986 1821 42.6731765867037
43.012 1748 41.8090899207337
43.038 1808 42.5205832509386
43.064 1826 42.731721238443
43.09 1783 42.2255846614348
43.116 1828 42.7551166528639
43.142 1887 43.4396132579469
43.168 1936 44
43.194 1986 44.5645599103144
43.22 2071 45.508241011931
43.246 2183 46.7225855448947
43.272 2335 48.3218377133983
43.298 2715 52.1056618804521
43.324 3425 58.5234995535981
43.35 4411 66.4153596692813
43.376 5358 73.1983606373804
43.402 4667 68.3154448130143
43.428 3663 60.522723005496
43.454 3367 58.025856305616
43.48 3547 59.5566956773124
43.506 3373 58.0775343829264
43.532 2761 52.5452186216786
43.558 2237 47.2969343615419
43.584 2028 45.0333209967908
43.61 2032 45.0777106783386
43.636 1883 43.3935479074943
43.662 1807 42.5088226136646
43.688 1806 42.4970587217516
43.714 1851 43.0232495285979
43.74 1791 42.3202079389977
43.766 1843 42.9301758673314
43.792 1934 43.977266854592
43.818 1923 43.8520238985614
43.844 2020 44.9444101084885
43.87 2139 46.2493243193887
43.896 2202 46.9254728266003
43.922 2487 49.8698305591667
43.948 2793 52.8488410468952
43.974 3307 57.5065213693195
44 4311 65.6582058847179
44.026 6086 78.0128194593683
44.052 8235 90.746900773525
44.078 8709 93.3220231242337
44.104 7015 83.7555968279135
44.13 5426 73.6613874428116
44.156 5367 73.2598116295695
44.182 5472 73.9729680356277
44.208 4704 68.585712797929
44.234 3362 57.9827560572969
44.26 2576 50.7543101617981
44.286 2278 47.7283982551269
44.312 2030 45.0555213042752
44.338 1928 43.9089968002003
44.364 1933 43.9658958739612
44.39 1876 43.3128156554154
44.416 1802 42.4499705535822
44.442 1707 41.3158565202272
44.468 1741 41.7252920900501
44.494 1724 41.5210789840534
44.52 1650 40.6201920231798
44.546 1664 40.7921561087423
44.572 1663 40.7798970082074
44.598 1699 41.2189276910499
44.624 1662 40.767634221279
44.65 1649 40.6078810084939
44.676 1735 41.6533311993171
44.702 1684 41.0365690573664
44.728 1589 39.8622628559895
44.754 1578 39.7240481320824
44.78 1594 39.9249295553543
44.806 1568 39.5979797464467
44.832 1542 39.2683078321437
44.858 1570 39.6232255123179
44.884 1582 39.7743636027027
44.91 1555 39.4334883062607
44.936 1554 39.4208066888541
44.962 1551 39.3827373350304
44.988 1544 39.293765408777
45.014 1559 39.4841740447993
45.04 1581 39.7617907041421
45.066 1612 40.1497197997695
45.092 1583 39.7869325281555
45.118 1585 39.8120584747888
45.144 1620 40.2492235949962
45.17 1580 39.7492138287036
45.196 1544 39.293765408777
45.222 1528 39.0896405713841
45.248 1557 39.4588393138977
45.274 1578 39.7240481320824
45.3 1606 40.0749298190278
45.326 1524 39.0384425918863
45.352 1475 38.405728739343
45.378 1499 38.7169213652119
45.404 1556 39.446165846632
45.43 1510 38.8587184554509
45.456 1471 38.3536178215302
45.482 1495 38.6652298583624
45.508 1498 38.7040049607273
45.534 1517 38.9486841883009
45.56 1529 39.1024295920343
45.586 1520 38.9871773792359
45.612 1503 38.7685439499603
45.638 1496 38.6781592116274
45.664 1461 38.2230297072328
45.69 1526 39.0640499692492
45.716 1539 39.2300904918661
45.742 1470 38.3405790253616
45.768 1409 37.5366487582469
45.794 1450 38.0788655293195
45.82 1457 38.1706693679846
45.846 1482 38.4967531098403
45.872 1441 37.9605057922046
45.898 1467 38.3014360044111
45.924 1479 38.4577690460588
45.95 1426 37.7624151769984
45.976 1454 38.1313519298752
46.002 1491 38.6134691526156
46.028 1453 38.1182371050918
46.054 1389 37.2692903071684
46.08 1445 38.0131556174964
46.106 1491 38.6134691526156
46.132 1469 38.3275357934736
46.158 1486 38.5486705347928
46.184 1510 38.8587184554509
46.21 1495 38.6652298583624
46.236 1491 38.6134691526156
46.262 1499 38.7169213652119
46.288 1478 38.4447655734822
46.314 1536 39.1918358845308
46.34 1471 38.3536178215302
46.366 1395 37.3496987939662
46.392 1486 38.5486705347928
46.418 1480 38.4707681233427
46.444 1504 38.7814388593306
46.47 1513 38.8973006775534
46.496 1457 38.1706693679846
46.522 1458 38.1837661840736
46.548 1495 38.6652298583624
46.574 1486 38.5486705347928
46.6 1506 38.8072158238645
46.626 1464 38.262252939418
46.652 1425 37.7491721763537
46.678 1455 38.1444622455213
46.704 1440 37.9473319220206
46.73 1488 38.5746030439718
46.756 1448 38.0525951808809
46.782 1426 37.7624151769984
46.808 1403 37.4566416006561
46.834 1415 37.6164857476081
46.86 1439 37.9341534767813
46.886 1493 38.6393581727233
46.912 1468 38.314488121336
46.938 1446 38.0263066836631
46.964 1442 37.973675092095
46.99 1391 37.296112397943
47.016 1371 37.0270171631472
47.042 1351 36.7559518989782
47.068 1376 37.0944739819828
47.094 1440 37.9473319220206
47.12 1437 37.9077828420497
47.146 1403 37.4566416006561
47.172 1435 37.8813938497516
47.198 1444 38
47.224 1437 37.9077828420497
47.25 1425 37.7491721763537
47.276 1473 38.379682124791
47.302 1458 38.1837661840736
47.328 1439 37.9341534767813
47.354 1421 37.6961536499415
47.38 1419 37.6696164036747
47.406 1440 37.9473319220206
47.432 1449 38.0657326213486
47.458 1410 37.5499667110372
47.484 1386 37.2290209379726
47.51 1374 37.0675059857013
47.536 1410 37.5499667110372
47.562 1441 37.9605057922046
47.588 1394 37.3363094051889
47.614 1431 37.8285606387555
47.64 1449 38.0657326213486
47.666 1417 37.6430604494374
47.692 1435 37.8813938497516
47.718 1425 37.7491721763537
47.744 1405 37.4833296279826
47.77 1411 37.5632799419859
47.796 1435 37.8813938497516
47.822 1427 37.7756535350482
47.848 1403 37.4566416006561
47.874 1441 37.9605057922046
47.9 1489 38.5875627631495
47.926 1497 38.6910842443062
47.952 1539 39.2300904918661
47.978 1561 39.5094925302768
48.004 1601 40.0124980474851
48.03 1665 40.8044115262063
48.056 1771 42.0832508250016
48.082 1781 42.2018956920184
48.108 1765 42.0119030752
48.134 1755 41.8927201313068
48.16 1805 42.485291572496
48.186 1757 41.9165838302694
48.212 1782 42.2137418384109
48.238 1772 42.0951303596984
48.264 1751 41.8449519058154
48.29 1722 41.4969878424929
48.316 1690 41.1096095821889
48.342 1736 41.6653333119993
48.368 1704 41.2795348811006
48.394 1665 40.8044115262063
48.42 1644 40.5462698654266
48.446 1642 40.5215991787096
48.472 1607 40.0874045056549
48.498 1593 39.9124040869502
48.524 1573 39.6610640301039
48.55 1411 37.5632799419859
48.576 1523 39.0256326021757
48.602 1525 39.0512483795333
48.628 1556 39.446165846632
48.654 1490 38.6005181312376
48.68 1497 38.6910842443062
48.706 1498 38.7040049607273
48.732 1555 39.4334883062607
48.758 1543 39.2810386828047
48.784 1487 38.5616389693177
48.81 1429 37.8021163428716
48.836 1388 37.2558720203943
48.862 1377 37.1079506305589
48.888 1404 37.4699879903904
48.914 1356 36.8239052790439
48.94 1316 36.2767142944341
48.966 1345 36.6742416417845
48.992 1307 36.1524549650504
49.018 1349 36.7287353444139
49.044 1373 37.0540146272978
49.07 1378 37.1214223865412
49.096 1348 36.7151195013716
49.122 1414 37.6031913539263
49.148 1322 36.3593179253957
49.174 1301 36.0693775937429
49.2 1372 37.0405183549043
49.226 1297 36.0138862107382
49.252 1357 36.8374809127877
49.278 1348 36.7151195013716
49.304 1331 36.4828726939094
49.33 1347 36.7014986070051
49.356 1361 36.8917334913934
49.382 1329 36.4554522671164
49.408 1304 36.1109401705356
49.434 1329 36.4554522671164
49.46 1379 37.1348892552543
49.486 1338 36.5786823163438
49.512 1347 36.7014986070051
49.538 1363 36.9188298839495
49.564 1352 36.7695526217005
49.59 1310 36.1939221417077
49.616 1327 36.428011200174
49.642 1307 36.1524549650504
49.668 1300 36.0555127546399
49.694 1305 36.1247837363769
49.72 1320 36.3318042491699
49.746 1315 36.2629287289375
49.772 1253 35.3977400408557
49.798 1310 36.1939221417077
49.824 1347 36.7014986070051
49.85 1348 36.7151195013716
49.876 1337 36.5650105975644
49.902 1311 36.2077339804633
49.928 1292 35.9444015112229
49.954 1283 35.8189893771446
49.98 1313 36.2353418639869
50.006 1318 36.3042697213427
50.032 1270 35.6370593624109
50.058 1255 35.4259791678367
50.084 1293 35.9583091927304
50.11 1292 35.9444015112229
50.136 1290 35.9165699921359
50.162 1251 35.3694783676548
50.188 1191 34.5108678534748
50.214 1220 34.928498393146
50.24 1264 35.5527776692624
50.266 1285 35.8468966578698
50.292 1310 36.1939221417077
50.318 1309 36.1801050302511
50.344 1272 35.665109000254
50.37 1261 35.5105618091294
50.396 1250 35.3553390593274
50.422 1276 35.7211421989835
50.448 1288 35.8887168898527
50.474 1286 35.8608421540822
50.5 1279 35.7631094844953
50.526 1278 35.749125863439
50.552 1279 35.7631094844953
50.578 1301 36.0693775937429
50.604 1342 36.6333181680284
50.63 1275 35.7071421427142
50.656 1236 35.1567916624939
50.682 1282 35.8050275799363
50.708 1282 35.8050275799363
50.734 1298 36.0277670693036
50.76 1273 35.6791255498225
50.786 1314 36.2491379207837
50.812 1285 35.8468966578698
50.838 1273 35.6791255498225
50.864 1288 35.8887168898527
50.89 1279 35.7631094844953
50.916 1273 35.6791255498225
50.942 1286 35.8608421540822
50.968 1266 35.5808937493144
50.994 1215 34.8568501158667
51.02 1300 36.0555127546399
51.046 1323 36.3730669589464
51.072 1278 35.749125863439
51.098 1309 36.1801050302511
51.124 1297 36.0138862107382
51.15 1232 35.0998575495685
51.176 1225 35
51.202 1295 35.9861084308932
51.228 1252 35.3836120259083
51.254 1180 34.3511280746353
51.28 1246 35.2987251894456
51.306 1257 35.4541958024717
51.332 1237 35.1710107901379
51.358 1245 35.2845575287547
51.384 1299 36.0416425818802
51.41 1276 35.7211421989835
51.436 1333 36.5102725270574
51.462 1250 35.3553390593274
51.488 1216 34.8711915483254
51.514 1289 35.9026461420325
51.54 1294 35.9722114972099
51.566 1293 35.9583091927304
51.592 1322 36.3593179253957
51.618 1254 35.4118624192515
51.644 1223 34.9714169000914
51.67 1176 34.2928563989645
51.696 1209 34.7706773014274
51.722 1272 35.665109000254
51.748 1238 35.1852241715184
51.774 1188 34.4673758792282
51.8 1216 34.8711915483254
51.826 1286 35.8608421540822
51.852 1233 35.1140997321589
51.878 1214 34.8425027803687
51.904 1253 35.3977400408557
51.93 1240 35.213633723318
51.956 1230 35.0713558335004
51.982 1210 34.7850542618522
52.008 1206 34.7275107083707
52.034 1222 34.9571165858971
52.06 1251 35.3694783676548
52.086 1239 35.1994318135961
52.112 1280 35.7770876399966
52.138 1258 35.4682957019364
52.164 1270 35.6370593624109
52.19 1293 35.9583091927304
52.216 1290 35.9165699921359
52.242 1280 35.7770876399966
52.268 1321 36.3455636907725
52.294 1363 36.9188298839495
52.32 1423 37.72267222772
52.346 1467 38.3014360044111
52.372 1485 38.5356977359954
52.398 1576 39.6988664825584
52.424 1622 40.2740611312045
52.45 1630 40.3732584763727
52.476 1718 41.4487635521254
52.502 1981 44.5084261685358
52.528 2323 48.1975103091436
52.554 2660 51.5751878329105
52.58 2797 52.8866712887094
52.606 2512 50.1198563445667
52.632 2105 45.8802789878178
52.658 1910 43.7035467668243
52.684 1977 44.4634681508314
52.71 2098 45.8039299623951
52.736 1964 44.3170396123207
52.762 1742 41.7372735094184
52.788 1639 40.4845649599943
52.814 1532 39.1407715815619
52.84 1457 38.1706693679846
52.866 1421 37.6961536499415
52.892 1367 36.9729630946723
52.918 1366 36.9594372251527
52.944 1404 37.4699879903904
52.97 1410 37.5499667110372
52.996 1405 37.4833296279826
53.022 1431 37.8285606387555
53.048 1407 37.5099986670221
53.074 1410 37.5499667110372
53.1 1414 37.6031913539263
53.126 1401 37.4299345444258
53.152 1396 37.3630833845388
53.178 1370 37.0135110466435
53.204 1348 36.7151195013716
53.23 1395 37.3496987939662
53.256 1393 37.322915213043
53.282 1356 36.8239052790439
53.308 1390 37.2827037646145
53.334 1389 37.2692903071684
53.36 1358 36.8510515453766
53.386 1372 37.0405183549043
53.412 1430 37.8153408023781
53.438 1438 37.9209704517171
53.464 1403 37.4566416006561
53.49 1415 37.6164857476081
53.516 1401 37.4299345444258
53.542 1441 37.9605057922046
53.568 1451 38.0919939094818
53.594 1433 37.8549864614954
53.62 1475 38.405728739343
53.646 1488 38.5746030439718
53.672 1480 38.4707681233427
53.698 1458 38.1837661840736
53.724 1571 39.6358423652128
53.75 1547 39.3319208785943
53.776 1650 40.6201920231798
53.802 1634 40.4227658628155
53.828 1733 41.6293165929973
53.854 1818 42.6380112106557
53.88 1914 43.7492857084547
53.906 1986 44.5645599103144
53.932 2145 46.3141447076376
53.958 2168 46.5617869072913
53.984 2186 46.7546789102438
54.01 2412 49.1121166312347
54.036 2715 52.1056618804521
54.062 3141 56.0446250768082
54.088 3379 58.1291665173345
54.114 3775 61.4410286372225
54.14 4220 64.9615270756469
54.166 4683 68.4324484437025
54.192 5992 77.4080099214545
54.218 7993 89.4035793466906
54.244 11559 107.512789936826
54.27 18467 135.893340528519
54.296 30972 175.98863599676
54.322 47508 217.96329966304
54.348 54842 234.183688586545
54.374 41489 203.688487647191
54.4 25977 161.173819213916
54.426 20711 143.913168264756
54.452 23770 154.175224987674
54.478 28877 169.932339476628
54.504 27410 165.559656921606
54.53 18343 135.436331905438
54.556 10606 102.985435863524
54.582 6808 82.5106053789451
54.608 4926 70.1854685814664
54.634 3975 63.0476010645925
54.66 3398 58.2923665671587
54.686 2921 54.0462764674866
54.712 2610 51.0881590977792
54.738 2435 49.3457191659013
54.764 2241 47.3392015141785
54.79 2072 45.5192267069642
54.816 1969 44.3734154646676
54.842 1898 43.5660418215839
54.868 1822 42.6848919408261
54.894 1715 41.4125584816973
54.92 1724 41.5210789840534
54.946 1696 41.182520563948
54.972 1679 40.9756024970958
54.998 1642 40.5215991787096
55.024 1634 40.4227658628155
55.05 1671 40.8778668719394
55.076 1707 41.3158565202272
55.102 1734 41.641325627314
55.128 1616 40.1995024844836
55.154 1526 39.0640499692492
55.18 1526 39.0640499692492
55.206 1527 39.0768473651598
55.232 1576 39.6988664825584
55.258 1532 39.1407715815619
55.284 1485 38.5356977359954
55.31 1452 38.1051177665153
55.336 1406 37.4966665185054
55.362 1384 37.2021504754766
55.388 1420 37.6828873628335
55.414 1408 37.5233260785874
55.44 1334 36.5239647354993
55.466 1380 37.1483512420134
55.492 1388 37.2558720203943
55.518 1368 36.9864840178139
55.544 1375 37.0809924354783
55.57 1351 36.7559518989782
55.596 1352 36.7695526217005
55.622 1361 36.8917334913934
55.648 1372 37.0405183549043
55.674 1342 36.6333181680284
55.7 1323 36.3730669589464
55.726 1312 36.2215405525497
55.752 1314 36.2491379207837
55.778 1318 36.3042697213427
55.804 1335 36.5376518128902
55.83 1316 36.2767142944341
55.856 1281 35.7910603363466
55.882 1325 36.4005494464026
55.908 1321 36.3455636907725
55.934 1321 36.3455636907725
55.96 1321 36.3455636907725
55.986 1354 36.7967389859482
56.012 1358 36.8510515453766
56.038 1343 36.6469644036174
56.064 1370 37.0135110466435
56.09 1364 36.9323706252388
56.116 1407 37.5099986670221
56.142 1446 38.0263066836631
56.168 1402 37.4432904536981
56.194 1400 37.4165738677394
56.22 1442 37.973675092095
56.246 1445 38.0131556174964
56.272 1452 38.1051177665153
56.298 1503 38.7685439499603
56.324 1642 40.5215991787096
56.35 1739 41.7013189239861
56.376 1788 42.2847490237319
56.402 1891 43.4856298103178
56.428 1981 44.5084261685358
56.454 2033 45.088801270382
56.48 2268 47.6235235991626
56.506 2682 51.7880295048962
56.532 3400 58.309518948453
56.558 4811 69.3613725354393
56.584 7280 85.3229160308062
56.61 11397 106.756732808755
56.636 16366 127.929668177479
56.662 16310 127.71061036578
56.688 11269 106.155546251715
56.714 7242 85.0999412455731
56.74 6500 80.6225774829855
56.766 7837 88.5268320906153
56.792 9519 97.5653627062391
56.818 8736 93.4665715643834
56.844 6078 77.9615289742319
56.87 3723 61.0163912403872
56.896 2738 52.3259018078045
56.922 2243 47.3603209448585
56.948 1961 44.2831796509691
56.974 1733 41.6293165929973
57 1668 40.8411557133243
57.026 1621 40.2616442783948
57.052 1488 38.5746030439718
57.078 1488 38.5746030439718
57.104 1382 37.1752605908822
57.13 1312 36.2215405525497
57.156 1378 37.1214223865412
57.182 1388 37.2558720203943
57.208 1423 37.72267222772
57.234 1437 37.9077828420497
57.26 1445 38.0131556174964
57.286 1414 37.6031913539263
57.312 1434 37.868192457523
57.338 1465 38.2753184180093
57.364 1496 38.6781592116274
57.39 1582 39.7743636027027
57.416 1816 42.614551505325
57.442 2087 45.6836951220017
57.468 2633 51.31276644267
57.494 3493 59.1016074231488
57.52 4127 64.2417309853961
57.546 3609 60.0749531835024
57.572 2725 52.2015325445527
57.598 2253 47.4657771452233
57.624 2241 47.3392015141785
57.65 2525 50.2493781056044
57.676 2749 52.4309069156733
57.702 2518 50.1796771611775
57.728 1960 44.2718872423573
57.754 1606 40.0749298190278
57.78 1430 37.8153408023781
57.806 1330 36.4691650576209
57.832 1273 35.6791255498225
57.858 1254 35.4118624192515
57.884 1251 35.3694783676548
57.91 1211 34.7994252826106
57.936 1187 34.4528663539044
57.962 1184 34.4093010681705
57.988 1186 34.4383507154451
58.014 1177 34.3074335968169
58.04 1166 34.1467421579277
58.066 1155 33.9852909359329
58.092 1149 33.8969025133566
58.118 1170 34.2052627529741
58.144 1192 34.5253530032641
58.17 1184 34.4093010681705
58.196 1132 33.6452076825214
58.222 1128 33.5857112474933
58.248 1175 34.2782730020052
58.274 1179 34.3365694267788
58.3 1148 33.8821486921948
58.326 1128 33.5857112474933
58.352 1118 33.436506994601
58.378 1119 33.4514573673555
58.404 1117 33.4215499341368
58.43 1119 33.4514573673555
58.456 1157 34.0147027033899
58.482 1132 33.6452076825214
58.508 1174 34.2636833980236
58.534 1124 33.5261092284804
58.56 1124 33.5261092284804
58.586 1100 33.166247903554
58.612 1099 33.1511689085016
58.638 1080 32.86335345031
58.664 1091 33.0302891298275
58.69 1126 33.555923471125
58.716 1068 32.6802692767364
58.742 1052 32.4345494804537
58.768 1102 33.1963853453957
58.794 1038 32.218007387174
58.82 1090 33.0151480384384
58.846 1121 33.4813380855664
58.872 1104 33.2264954516723
58.898 1117 33.4215499341368
58.924 1082 32.8937684067971
58.95 1083 32.9089653438087
58.976 1071 32.7261363439071
59.002 1051 32.4191301548947
59.028 1034 32.1558703816271
59.054 1075 32.78719262151
59.08 1110 33.3166624979154
59.106 1074 32.7719392163479
59.132 1117 33.4215499341368
59.158 1070 32.7108544675922
59.184 1059 32.542280190546
59.21 1099 33.1511689085016
59.236 1100 33.166247903554
59.262 1122 33.4962684488885
59.288 1054 32.4653661614959
59.314 1097 33.1209903233584
59.34 1011 31.7962261911693
59.366 1100 33.166247903554
59.392 1106 33.2565782966318
59.418 1105 33.2415402771893
59.444 1085 32.9393381840012
59.47 1124 33.5261092284804
59.496 1029 32.0780298646909
59.522 1082 32.8937684067971
59.548 1070 32.7108544675922
59.574 1068 32.6802692767364
59.6 1091 33.0302891298275
59.626 1137 33.7194306001747
59.652 1111 33.3316666249979
59.678 1081 32.8785644455472
59.704 1141 33.7786915081091
59.73 1205 34.7131099154196
59.756 1168 34.1760149812701
59.782 1174 34.2636833980236
59.808 1095 33.0907842155486
59.834 1078 32.832910318764
59.86 1100 33.166247903554
59.886 1092 33.0454232837166
59.912 1121 33.4813380855664
59.938 1091 33.0302891298275
59.964 1035 32.1714158842908
59.99 1045 32.3264597504892
60.016 1065 32.6343377441614
60.042 1070 32.7108544675922
60.068 1078 32.832910318764
60.094 1034 32.1558703816271
60.12 1046 32.3419232575925
60.146 1041 32.2645316098034
60.172 1061 32.5729949498047
60.198 1072 32.7414110874898
60.224 1078 32.832910318764
60.25 1031 32.1091887160046
60.276 992 31.4960314960472
60.302 1003 31.6701752442262
60.328 1032 32.124756808418
60.354 1060 32.5576411921994
60.38 1026 32.0312347560939
60.406 1019 31.9217793990247
60.432 1034 32.1558703816271
60.458 1026 32.0312347560939
60.484 1059 32.542280190546
60.51 1091 33.0302891298275
60.536 1053 32.4499614791759
60.562 1047 32.3573793747269
60.588 1056 32.4961536185438
60.614 1052 32.4345494804537
60.64 1041 32.2645316098034
60.666 1030 32.0936130717624
60.692 1069 32.6955654485436
60.718 1071 32.7261363439071
60.744 1027 32.0468407179241
60.77 1037 32.2024843762092
60.796 1068 32.6802692767364
60.822 1107 33.2716095192282
60.848 1123 33.5111921602321
60.874 1049 32.3882694814033
60.9 1033 32.1403173599764
60.926 1069 32.6955654485436
60.952 1037 32.2024843762092
60.978 1062 32.5883414736007
61.004 1085 32.9393381840012
61.03 1066 32.649655434629
61.056 1071 32.7261363439071
61.082 1077 32.8176781628439
61.108 1079 32.8481354113137
61.134 1112 33.3466640010661
61.16 1117 33.4215499341368
61.186 1120 33.466401061363
61.212 1128 33.5857112474933
61.238 1137 33.7194306001747
61.264 1125 33.5410196624968
61.29 1214 34.8425027803687
61.316 1350 36.7423461417477
61.342 1233 35.1140997321589
61.368 1136 33.7045990927054
61.394 1144 33.8230690505755
61.42 1107 33.2716095192282
61.446 1052 32.4345494804537
61.472 1165 34.132096331752
61.498 1193 34.5398320783411
61.524 1170 34.2052627529741
61.55 1126 33.555923471125
61.576 1100 33.166247903554
61.602 1053 32.4499614791759
61.628 1079 32.8481354113137
61.654 1085 32.9393381840012
61.68 1112 33.3466640010661
61.706 1029 32.0780298646909
61.732 1043 32.2955105239103
61.758 1065 32.6343377441614
61.784 1020 31.9374388453426
61.81 1021 31.9530906173409
61.836 1043 32.2955105239103
61.862 1027 32.0468407179241
61.888 1024 32
61.914 1072 32.7414110874898
61.94 1037 32.2024843762092
61.966 1028 32.0624390837628
61.992 1081 32.8785644455472
62.018 1082 32.8937684067971
62.044 1071 32.7261363439071
62.07 1070 32.7108544675922
62.096 1031 32.1091887160046
62.122 1085 32.9393381840012
62.148 1095 33.0907842155486
62.174 1097 33.1209903233584
62.2 1102 33.1963853453957
62.226 1119 33.4514573673555
62.252 1099 33.1511689085016
62.278 1102 33.1963853453957
62.304 1154 33.9705755029261
62.33 1123 33.5111921602321
62.356 1089 33
62.382 1106 33.2565782966318
62.408 1137 33.7194306001747
62.434 1192 34.5253530032641
62.46 1202 34.6698716467194
62.486 1277 35.7351367704113
62.512 1309 36.1801050302511
62.538 1325 36.4005494464026
62.564 1391 37.296112397943
62.59 1451 38.0919939094818
62.616 1544 39.293765408777
62.642 1814 42.5910788780937
62.668 2185 46.743983570081
62.694 3039 55.1271258093509
62.72 4428 66.5432190384565
62.746 6540 80.8702664766229
62.772 8595 92.7092228421747
62.798 7824 88.4533775499839
62.824 5306 72.8422954058972
62.85 3688 60.7289058027559
62.876 3201 56.5773806392625
62.902 3569 59.7411081249754
62.928 4467 66.8356192460278
62.954 4880 69.8569967862919
62.98 4128 64.249513616836
63.006 2927 54.1017559788959
63.032 2063 45.4202597967031
63.058 1653 40.6571027005122
63.084 1449 38.0657326213486
63.11 1313 36.2353418639869
63.136 1265 35.5668384875575
63.162 1253 35.3977400408557
63.188 1235 35.1425667816112
63.214 1185 34.423828956117
63.24 1084 32.9241552663087
63.266 1052 32.4345494804537
63.292 1101 33.1813200460741
63.318 1085 32.9393381840012
63.344 1076 32.8024389337135
63.37 1077 32.8176781628439
63.396 1025 32.0156211871642
63.422 1059 32.542280190546
63.448 1092 33.0454232837166
63.474 1035 32.1714158842908
63.5 1001 31.6385840391128
63.526 1041 32.2645316098034
63.552 1111 33.3316666249979
63.578 1107 33.2716095192282
63.604 1094 33.0756708170825
63.63 1129 33.6005952328229
63.656 1167 34.1613817050774
63.682 1174 34.2636833980236
63.708 1179 34.3365694267788
63.734 1183 34.3947670438397
63.76 1218 34.8998567332303
63.786 1261 35.5105618091294
63.812 1295 35.9861084308932
63.838 1348 36.7151195013716
63.864 1435 37.8813938497516
63.89 1519 38.9743505398102
63.916 1632 40.3980197534483
63.942 1916 43.7721372564786
63.968 2375 48.7339717240448
63.994 3317 57.5934023999277
64.02 4863 69.7352134864446
64.046 6782 82.3528991596531
64.072 7701 87.7553417177553
64.098 6548 80.9197132965756
64.124 4411 66.4153596692813
64.15 3276 57.2363520850167
64.176 3203 56.5950527873241
64.202 3580 59.8331012066064
64.228 4260 65.2686754883229
64.254 4471 66.8655367136165
64.28 3742 61.1718889687085
64.306 2610 51.0881590977792
64.332 1969 44.3734154646676
64.358 1622 40.2740611312045
64.384 1301 36.0693775937429
64.41 1339 36.592348927064
64.436 1200 34.6410161513775
64.462 1113 33.3616546352246
64.488 1134 33.6749164809655
64.514 1080 32.86335345031
64.54 1051 32.4191301548947
64.566 1063 32.6036807738022
64.592 1062 32.5883414736007
64.618 1077 32.8176781628439
64.644 997 31.5753068076939
64.67 1010 31.7804971641414
64.696 1040 32.2490309931942
64.722 981 31.3209195267317
64.748 1006 31.7175030543074
64.774 959 30.967725134404
64.8 993 31.5119025131775
64.826 989 31.4483703870328
64.852 965 31.0644491340181
64.878 954 30.886890422961
64.904 968 31.1126983722081
64.93 987 31.41655614481
64.956 931 30.5122926047847
64.982 962 31.0161248385416
65.008 929 30.4795013082563
65.034 966 31.0805405358401
65.06 1008 31.7490157327751
65.086 995 31.543620591175
65.112 927 30.4466746952767
65.138 925 30.4138126514911
65.164 1012 31.8119474411737
65.19 974 31.2089730686545
65.216 976 31.2409987036266
65.242 1007 31.7332633052449
65.268 958 30.9515750810843
65.294 927 30.4466746952767
65.32 965 31.0644491340181
65.346 969 31.1287648325468
65.372 981 31.3209195267317
65.398 972 31.1769145362398
65.424 1047 32.3573793747269
65.45 1094 33.0756708170825
65.476 1222 34.9571165858971
65.502 1397 37.3764631820615
65.528 1479 38.4577690460588
65.554 1424 37.7359245282264
65.58 1258 35.4682957019364
65.606 1153 33.9558536926993
65.632 1134 33.6749164809655
65.658 1115 33.391615714128
65.684 1191 34.5108678534748
65.71 1248 35.3270434653114
65.736 1202 34.6698716467194
65.762 1139 33.7490740613724
65.788 1076 32.8024389337135
65.814 1024 32
65.84 1001 31.6385840391128
65.866 988 31.4324672910034
65.892 964 31.04834939252
65.918 930 30.4959013639538
65.944 972 31.1769145362398
65.97 1030 32.0936130717624
65.996 990 31.4642654451045
66.022 968 31.1126983722081
66.048 959 30.967725134404
66.074 936 30.5941170815567
66.1 967 31.0966236109324
66.126 981 31.3209195267317
66.152 968 31.1126983722081
66.178 972 31.1769145362398
66.204 982 31.3368792319848
66.23 1004 31.6859590355097
66.256 1011 31.7962261911693
66.282 1013 31.8276609256791
66.308 1040 32.2490309931942
66.334 1042 32.2800247831379
66.36 1068 32.6802692767364
66.386 1080 32.86335345031
66.412 1103 33.2114438108312
66.438 1148 33.8821486921948
66.464 1318 36.3042697213427
66.49 1569 39.6106046406767
66.516 1904 43.6348484585429
66.542 2045 45.2216762183801
66.568 1833 42.8135492572153
66.594 1401 37.4299345444258
66.62 1316 36.2767142944341
66.646 1222 34.9571165858971
66.672 1350 36.7423461417477
66.698 1431 37.8285606387555
66.724 1494 38.6522961801754
66.75 1414 37.6031913539263
66.776 1156 34
66.802 1107 33.2716095192282
66.828 1076 32.8024389337135
66.854 1094 33.0756708170825
66.88 950 30.8220700148449
66.906 975 31.224989991992
66.932 960 30.9838667696593
66.958 995 31.543620591175
66.984 987 31.41655614481
67.01 959 30.967725134404
67.036 932 30.5286750449475
67.062 926 30.4302481094059
67.088 944 30.7245829914744
67.114 933 30.5450486986025
67.14 978 31.2729915422238
67.166 987 31.41655614481
67.192 955 30.9030742807249
67.218 948 30.7896086366813
67.244 1021 31.9530906173409
67.27 976 31.2409987036266
67.296 952 30.854497241083
67.322 937 30.6104557300279
67.348 992 31.4960314960472
67.374 972 31.1769145362398
67.4 916 30.2654919008431
67.426 918 30.2985148150862
67.452 985 31.3847096529504
67.478 919 30.3150127824482
67.504 905 30.0832179129826
67.53 938 30.6267856622271
67.556 937 30.6104557300279
67.582 962 31.0161248385416
67.608 934 30.5614135798723
67.634 953 30.8706980808663
67.66 961 31
67.686 1005 31.7017349682947
67.712 963 31.0322412983658
67.738 988 31.4324672910034
67.764 1022 31.9687347262916
67.79 939 30.6431068920891
67.816 999 31.6069612585582
67.842 1035 32.1714158842908
67.868 974 31.2089730686545
67.894 984 31.3687742827162
67.92 1061 32.5729949498047
67.946 1051 32.4191301548947
67.972 1039 32.2335229225724
67.998 1073 32.7566787083184
68.024 1044 32.310988842807
68.05 1067 32.6649659421222
68.076 1112 33.3466640010661
68.102 1195 34.5687720348872
68.128 1351 36.7559518989782
68.154 1513 38.8973006775534
68.18 1921 43.8292140016223
68.206 2469 49.6890329952194
68.232 2636 51.3419906119737
68.258 2234 47.2652091923859
68.284 1706 41.3037528561268
68.31 1467 38.3014360044111
68.336 1466 38.2883794381533
68.362 1525 39.0512483795333
68.388 1721 41.4849370253831
68.414 1950 44.1588043316392
68.44 1837 42.8602379834737
68.466 1580 39.7492138287036
68.492 1405 37.4833296279826
68.518 1244 35.2703841770968
68.544 1171 34.2198772645373
68.57 1209 34.7706773014274
68.596 1260 35.4964786985977
68.622 1269 35.6230262611138
68.648 1344 36.6606055596467
68.674 1425 37.7491721763537
68.7 1486 38.5486705347928
68.726 1597 39.9624824053762
68.752 1692 41.1339276024063
68.778 1809 42.5323406362735
68.804 1892 43.4971263418631
68.83 2039 45.1552876195025
68.856 2347 48.4458460551573
68.882 2885 53.7121960079831
68.908 3776 61.4491659829489
68.934 5420 73.6206492772238
68.96 8268 90.9285433733544
68.986 12619 112.334322448662
69.012 16504 128.467894822014
69.038 16420 128.140547837131
69.064 12023 109.649441403046
69.09 7816 88.4081444212014
69.116 5716 75.6042326857432
69.142 5543 74.4513263817375
69.168 6670 81.6700679563817
69.194 8537 92.3958873543623
69.22 9555 97.7496803063826
69.246 8196 90.5317623820502
69.272 5522 74.3101608126372
69.298 3592 59.9332962550868
69.324 2665 51.6236379965612
69.35 2142 46.2817458616245
69.376 1858 43.1045241245046
69.402 1692 41.1339276024063
69.428 1692 41.1339276024063
69.454 1522 39.0128184062623
69.48 1495 38.6652298583624
69.506 1521 39
69.532 1463 38.2491829978106
69.558 1417 37.6430604494374
69.584 1403 37.4566416006561
69.61 1524 39.0384425918863
69.636 1619 40.2367990774614
69.662 1754 41.8807831827438
69.688 2101 45.8366665454634
69.714 2479 49.7895571380184
69.74 3459 58.8132638101305
69.766 5200 72.1110255092798
69.792 7948 89.1515563520907
69.818 9900 99.498743710662
69.844 8459 91.9728220726101
69.87 5413 73.5730929076656
69.896 3557 59.6405902049938
69.922 3045 55.1815186452856
69.948 3274 57.2188780036799
69.974 4059 63.7102817447859
70 5123 71.5751353474096
70.026 5334 73.0342385460409
70.052 4254 65.2226954364813
70.078 2877 53.6376733276155
70.104 2021 44.955533585978
70.13 1635 40.4351332383115
70.156 1443 37.9868398264452
70.182 1292 35.9444015112229
70.208 1195 34.5687720348872
70.234 1133 33.6600653594137
70.26 1125 33.5410196624968
70.286 1127 33.570820663189
70.312 1084 32.9241552663087
70.338 1041 32.2645316098034
70.364 978 31.2729915422238
70.39 1050 32.4037034920393
70.416 1004 31.6859590355097
70.442 1010 31.7804971641414
70.468 1011 31.7962261911693
70.494 988 31.4324672910034
70.52 966 31.0805405358401
70.546 895 29.9165506033032
70.572 904 30.0665927567458
70.598 919 30.3150127824482
70.624 954 30.886890422961
70.65 913 30.2158898594763
70.676 880 29.6647939483827
70.702 887 29.7825452236709
70.728 861 29.3428015022424
70.754 855 29.2403830344269
70.78 873 29.5465734053883
70.806 869 29.4788059459674
70.832 889 29.8161030317511
70.858 898 29.9666481275434
70.884 888 29.7993288515027
70.91 890 29.8328677803526
70.936 891 29.8496231131986
70.962 868 29.4618397253125
70.988 837 28.9309522829789
71.014 833 28.8617393793236
71.04 810 28.4604989415154
71.066 784 28
71.092 785 28.0178514522438
71.118 808 28.4253408071038
71.144 817 28.5832118559129
71.17 807 28.4077454226836
71.196 825 28.7228132326901
71.222 837 28.9309522829789
71.248 825 28.7228132326901
71.274 818 28.6006992921502
71.3 825 28.7228132326901
71.326 815 28.5482048472404
71.352 789 28.0891438103763
71.378 790 28.1069386451104
71.404 809 28.4429253066558
71.43 816 28.5657137141714
71.456 783 27.9821371592664
71.482 766 27.6767050061961
71.508 802 28.3196045170126
71.534 812 28.49561369755
71.56 819 28.6181760425084
71.586 818 28.6006992921502
71.612 796 28.2134719593318
71.638 770 27.7488738510232
71.664 771 27.7668867538296
71.69 804 28.3548937575157
71.716 819 28.6181760425084
71.742 787 28.0535202782111
71.768 787 28.0535202782111
71.794 821 28.6530975637888
71.82 851 29.1719042916296
71.846 829 28.7923600977759
71.872 831 28.8270706107991
71.898 789 28.0891438103763
71.924 825 28.7228132326901
71.95 805 28.3725219182222
71.976 804 28.3548937575157
72.002 802 28.3196045170126
72.028 791 28.1247222208505
72.054 845 29.0688837074973
72.08 858 29.2916370317536
72.106 846 29.086079144498
72.132 858 29.2916370317536
72.158 846 29.086079144498
72.184 813 28.5131548587665
72.21 873 29.5465734053883
72.236 874 29.563490998189
72.262 857 29.2745623366089
72.288 869 29.4788059459674
72.314 923 30.3809150619266
72.34 1013 31.8276609256791
72.366 1152 33.9411254969543
72.392 1387 37.2424488990721
72.418 1647 40.5832477754061
72.444 1757 41.9165838302694
72.47 1516 38.9358446678636
72.496 1292 35.9444015112229
72.522 1007 31.7332633052449
72.548 982 31.3368792319848
72.574 1029 32.0780298646909
72.6 1059 32.542280190546
72.626 1207 34.7419055320804
72.652 1265 35.5668384875575
72.678 1117 33.4215499341368
72.704 1016 31.8747549010185
72.73 915 30.2489669245083
72.756 841 29
72.782 838 28.9482296522603
72.808 892 29.8663690461362
72.834 913 30.2158898594763
72.86 843 29.0344622819159
72.886 848 29.1204395571221
72.912 831 28.8270706107991
72.938 825 28.7228132326901
72.964 877 29.6141857899217
72.99 875 29.5803989154981
73.016 826 28.7402157263998
73.042 821 28.6530975637888
73.068 837 28.9309522829789
73.094 843 29.0344622819159
73.12 849 29.1376045686669
73.146 808 28.4253408071038
73.172 780 27.9284800875379
73.198 803 28.3372546306095
73.224 809 28.4429253066558
73.25 832 28.8444102037119
73.276 839 28.9654967159205
73.302 836 28.9136645896019
73.328 803 28.3372546306095
73.354 827 28.7576076890968
73.38 825 28.7228132326901
73.406 797 28.2311884269862
73.432 780 27.9284800875379
73.458 780 27.9284800875379
73.484 762 27.6043474836845
73.51 786 28.0356915377524
73.536 807 28.4077454226836
73.562 803 28.3372546306095
73.588 793 28.1602556806574
73.614 807 28.4077454226836
73.64 778 27.8926513619627
73.666 722 26.8700576850888
73.692 735 27.1108834234519
73.718 784 28
73.744 793 28.1602556806574
73.77 771 27.7668867538296
73.796 761 27.5862284482674
73.822 779 27.9105714739057
73.848 785 28.0178514522438
73.874 760 27.5680975041804
73.9 761 27.5862284482674
73.926 794 28.1780056072107
73.952 802 28.3196045170126
73.978 780 27.9284800875379
74.004 795 28.1957443597434
74.03 784 28
74.056 783 27.9821371592664
74.082 777 27.8747197295327
74.108 822 28.6705423736629
74.134 822 28.6705423736629
74.16 770 27.7488738510232
74.186 748 27.3495886623547
74.212 774 27.8208554864871
74.238 759 27.5499546279118
74.264 818 28.6006992921502
74.29 833 28.8617393793236
74.316 804 28.3548937575157
74.342 842 29.0172362570938
74.368 896 29.9332590941915
74.394 926 30.4302481094059
74.42 976 31.2409987036266
74.446 940 30.6594194335118
74.472 886 29.7657521322744
74.498 868 29.4618397253125
74.524 839 28.9654967159205
74.55 857 29.2745623366089
74.576 804 28.3548937575157
74.602 822 28.6705423736629
74.628 863 29.3768616431368
74.654 837 28.9309522829789
74.68 778 27.8926513619627
74.706 763 27.6224546338663
74.732 810 28.4604989415154
74.758 768 27.712812921102
74.784 776 27.8567765543682
74.81 767 27.6947648482525
74.836 782 27.9642629082191
74.862 742 27.2396769437525
74.888 749 27.367864366808
74.914 789 28.0891438103763
74.94 833 28.8617393793236
74.966 776 27.8567765543682
74.992 804 28.3548937575157
75.018 800 28.2842712474619
75.044 820 28.6356421265527
75.07 805 28.3725219182222
75.096 877 29.6141857899217
75.122 858 29.2916370317536
75.148 752 27.4226184016042
75.174 810 28.4604989415154
75.2 840 28.9827534923789
75.226 811 28.4780617317963
75.252 805 28.3725219182222
75.278 813 28.5131548587665
75.304 807 28.4077454226836
75.33 817 28.5832118559129
75.356 830 28.8097205817759
75.382 816 28.5657137141714
75.408 738 27.1661554144122
75.434 774 27.8208554864871
75.46 760 27.5680975041804
75.486 773 27.8028775489157
75.512 791 28.1247222208505
75.538 768 27.712812921102
75.564 791 28.1247222208505
75.59 777 27.8747197295327
75.616 790 28.1069386451104
75.642 804 28.3548937575157
75.668 766 27.6767050061961
75.694 782 27.9642629082191
75.72 768 27.712812921102
75.746 740 27.2029410174709
75.772 740 27.2029410174709
75.798 747 27.3313007374329
75.824 743 27.258026340878
75.85 768 27.712812921102
75.876 761 27.5862284482674
75.902 731 27.0370116691915
75.928 770 27.7488738510232
75.954 804 28.3548937575157
75.98 789 28.0891438103763
76.006 765 27.6586333718787
76.032 773 27.8028775489157
76.058 789 28.0891438103763
76.084 787 28.0535202782111
76.11 774 27.8208554864871
76.136 786 28.0356915377524
76.162 774 27.8208554864871
76.188 767 27.6947648482525
76.214 778 27.8926513619627
76.24 816 28.5657137141714
76.266 866 29.4278779391243
76.292 829 28.7923600977759
76.318 821 28.6530975637888
76.344 889 29.8161030317511
76.37 914 30.2324329156619
76.396 948 30.7896086366813
76.422 986 31.4006369362152
76.448 1054 32.4653661614959
76.474 1302 36.0832371053374
76.5 1697 41.194659848092
76.526 2216 47.0744091837593
76.552 2632 51.3030213535226
76.578 2442 49.4165964024233
76.604 1856 43.081318457076
76.63 1413 37.589892258425
76.656 1198 34.6121365997536
76.682 1185 34.423828956117
76.708 1249 35.3411940941446
76.734 1453 38.1182371050918
76.76 1688 41.0852771683483
76.786 1760 41.9523539268061
76.812 1640 40.4969134626332
76.838 1414 37.6031913539263
76.864 1339 36.592348927064
76.89 1344 36.6606055596467
76.916 1321 36.3455636907725
76.942 1146 33.8526217596215
76.968 998 31.5911379978626
76.994 937 30.6104557300279
77.02 887 29.7825452236709
77.046 954 30.886890422961
77.072 1013 31.8276609256791
77.098 1043 32.2955105239103
77.124 1097 33.1209903233584
77.15 1051 32.4191301548947
77.176 967 31.0966236109324
77.202 994 31.5277655408689
77.228 1028 32.0624390837628
77.254 1050 32.4037034920393
77.28 994 31.5277655408689
77.306 914 30.2324329156619
77.332 885 29.748949561287
77.358 860 29.3257565972304
77.384 861 29.3428015022424
77.41 835 28.8963665535998
77.436 794 28.1780056072107
77.462 850 29.1547594742265
77.488 967 31.0966236109324
77.514 805 28.3725219182222
77.54 757 27.5136329843952
77.566 720 26.8328157299975
77.592 717 26.7768556779918
77.618 769 27.7308492477241
77.644 736 27.1293199325011
77.67 728 26.9814751264641
77.696 756 27.495454169735
77.722 716 26.7581763205193
77.748 793 28.1602556806574
77.774 739 27.1845544381364
77.8 723 26.8886593194975
77.826 749 27.367864366808
77.852 685 26.1725046566048
77.878 708 26.6082693913001
77.904 697 26.4007575648882
77.93 768 27.712812921102
77.956 687 26.2106848441623
77.982 713 26.7020598456374
78.008 719 26.8141753555838
78.034 716 26.7581763205193
78.06 711 26.6645832519468
78.086 736 27.1293199325011
78.112 731 27.0370116691915
78.138 772 27.7848879788996
78.164 743 27.258026340878
78.19 748 27.3495886623547
78.216 714 26.7207784317748
78.242 686 26.1916017074176
78.268 709 26.6270539113887
78.294 726 26.944387170615
78.32 677 26.0192236625154
78.346 698 26.4196896272458
78.372 672 25.9229627936314
78.398 729 27
78.424 690 26.2678510731274
78.45 661 25.7099202643649
78.476 701 26.4764045897475
78.502 708 26.6082693913001
78.528 666 25.8069758011279
78.554 661 25.7099202643649
78.58 703 26.5141471671257
78.606 748 27.3495886623547
78.632 726 26.944387170615
78.658 690 26.2678510731274
78.684 686 26.1916017074176
78.71 718 26.7955220139485
78.736 734 27.0924343682881
78.762 723 26.8886593194975
78.788 740 27.2029410174709
78.814 738 27.1661554144122
78.84 718 26.7955220139485
78.866 697 26.4007575648882
78.892 685 26.1725046566048
78.918 702 26.4952825989835
78.944 723 26.8886593194975
78.97 716 26.7581763205193
78.996 715 26.7394839142419
79.022 717 26.7768556779918
79.048 708 26.6082693913001
79.074 715 26.7394839142419
79.1 722 26.8700576850888
79.126 708 26.6082693913001
79.152 714 26.7207784317748
79.178 746 27.3130005674953
79.204 750 27.3861278752583
79.23 748 27.3495886623547
79.256 715 26.7394839142419
79.282 713 26.7020598456374
79.308 725 26.9258240356725
79.334 724 26.9072480941474
79.36 698 26.4196896272458
79.386 696 26.3818119165458
79.412 710 26.6458251889485
79.438 712 26.6833281282527
79.464 712 26.6833281282527
79.49 729 27
79.516 730 27.0185121722126
79.542 718 26.7955220139485
79.568 751 27.4043792120894
79.594 776 27.8567765543682
79.62 782 27.9642629082191
79.646 771 27.7668867538296
79.672 767 27.6947648482525
79.698 828 28.7749891398763
79.724 820 28.6356421265527
79.75 941 30.6757233003559
79.776 1054 32.4653661614959
79.802 1266 35.5808937493144
79.828 1537 39.2045915678253
79.854 1609 40.1123422402632
79.88 1419 37.6696164036747
79.906 1164 34.117444218464
79.932 954 30.886890422961
79.958 894 29.8998327754521
79.984 931 30.5122926047847
80.01 886 29.7657521322744
80.036 1017 31.8904374382039
80.062 1125 33.5410196624968
80.088 1150 33.9116499156263
80.114 1020 31.9374388453426
80.14 972 31.1769145362398
80.166 882 29.698484809835
80.192 822 28.6705423736629
80.218 753 27.4408454680245
80.244 721 26.8514431641951
80.27 750 27.3861278752583
80.296 701 26.4764045897475
80.322 719 26.8141753555838
80.348 749 27.367864366808
80.374 719 26.8141753555838
80.4 773 27.8028775489157
80.426 775 27.8388218141501
80.452 775 27.8388218141501
80.478 732 27.0554985169374
80.504 771 27.7668867538296
80.53 739 27.1845544381364
80.556 732 27.0554985169374
80.582 720 26.8328157299975
80.608 724 26.9072480941474
80.634 773 27.8028775489157
80.66 806 28.3901391331568
80.686 824 28.7054001888146
80.712 898 29.9666481275434
80.738 828 28.7749891398763
80.764 804 28.3548937575157
80.79 751 27.4043792120894
80.816 745 27.2946881279124
80.842 767 27.6947648482525
80.868 756 27.495454169735
80.894 747 27.3313007374329
80.92 789 28.0891438103763
80.946 797 28.2311884269862
80.972 768 27.712812921102
80.998 744 27.2763633939717
81.024 727 26.9629375254255
81.05 757 27.5136329843952
81.076 729 27
81.102 696 26.3818119165458
81.128 706 26.5706605111728
81.154 712 26.6833281282527
81.18 699 26.4386081328046
81.206 701 26.4764045897475
81.232 705 26.5518360947035
81.258 677 26.0192236625154
81.284 683 26.134268690744
81.31 704 26.5329983228432
81.336 676 26
81.362 690 26.2678510731274
81.388 694 26.343879744639
81.414 659 25.6709953059869
81.44 692 26.3058928759318
81.466 724 26.9072480941474
81.492 735 27.1108834234519
81.518 734 27.0924343682881
81.544 701 26.4764045897475
81.57 691 26.2868788561898
81.596 699 26.4386081328046
81.622 715 26.7394839142419
81.648 733 27.0739727413618
81.674 749 27.367864366808
81.7 748 27.3495886623547
81.726 733 27.0739727413618
81.752 737 27.1477439209965
81.778 729 27
81.804 718 26.7955220139485
81.83 718 26.7955220139485
81.856 749 27.367864366808
81.882 770 27.7488738510232
81.908 766 27.6767050061961
81.934 765 27.6586333718787
81.96 763 27.6224546338663
81.986 781 27.9463772249642
82.012 790 28.1069386451104
82.038 770 27.7488738510232
82.064 827 28.7576076890968
82.09 892 29.8663690461362
82.116 899 29.9833287011299
82.142 958 30.9515750810843
82.168 973 31.1929479209644
82.194 1019 31.9217793990247
82.22 1175 34.2782730020052
82.246 1392 37.3095162123553
82.272 1807 42.5088226136646
82.298 2567 50.6655701635736
82.324 3480 58.9915248150105
82.35 4082 63.8905313798532
82.376 3684 60.6959636219741
82.402 2728 52.2302594288024
82.428 1919 43.806392227619
82.454 1519 38.9743505398102
82.48 1312 36.2215405525497
82.506 1403 37.4566416006561
82.532 1598 39.9749921826134
82.558 2018 44.9221548904324
82.584 2369 48.6723740945518
82.61 2469 49.6890329952194
82.636 2130 46.1519230368573
82.662 1638 40.4722126896961
82.688 1247 35.3128871660192
82.714 1065 32.6343377441614
82.74 944 30.7245829914744
82.766 907 30.1164406927512
82.792 874 29.563490998189
82.818 796 28.2134719593318
82.844 824 28.7054001888146
82.87 790 28.1069386451104
82.896 776 27.8567765543682
82.922 793 28.1602556806574
82.948 765 27.6586333718787
82.974 757 27.5136329843952
83 693 26.3248931621764
83.026 708 26.6082693913001
83.052 739 27.1845544381364
83.078 703 26.5141471671257
83.104 722 26.8700576850888
83.13 732 27.0554985169374
83.156 808 28.4253408071038
83.182 716 26.7581763205193
83.208 763 27.6224546338663
83.234 761 27.5862284482674
83.26 686 26.1916017074176
83.286 717 26.7768556779918
83.312 714 26.7207784317748
83.338 719 26.8141753555838
83.364 731 27.0370116691915
83.39 712 26.6833281282527
83.416 749 27.367864366808
83.442 743 27.258026340878
83.468 741 27.2213151776324
83.494 767 27.6947648482525
83.52 776 27.8567765543682
83.546 713 26.7020598456374
83.572 717 26.7768556779918
83.598 747 27.3313007374329
83.624 733 27.0739727413618
83.65 726 26.944387170615
83.676 720 26.8328157299975
83.702 731 27.0370116691915
83.728 729 27
83.754 736 27.1293199325011
83.78 768 27.712812921102
83.806 753 27.4408454680245
83.832 764 27.6405499221705
83.858 779 27.9105714739057
83.884 743 27.258026340878
83.91 743 27.258026340878
83.936 783 27.9821371592664
83.962 815 28.5482048472404
83.988 801 28.3019433961698
84.014 818 28.6006992921502
84.04 853 29.2061637330205
84.066 885 29.748949561287
84.092 938 30.6267856622271
84.118 994 31.5277655408689
84.144 1082 32.8937684067971
84.17 1299 36.0416425818802
84.196 1657 40.7062648740952
84.222 2138 46.2385120867876
84.248 2617 51.1566222497147
84.274 2740 52.3450093132096
84.3 2363 48.6106984109465
84.326 1824 42.7083130081252
84.352 1488 38.5746030439718
84.378 1342 36.6333181680284
84.404 1256 35.4400902933387
84.43 1257 35.4541958024717
84.456 1359 36.8646171823335
84.482 1556 39.446165846632
84.508 1764 42
84.534 1768 42.0475920832573
84.56 1568 39.5979797464467
84.586 1337 36.5650105975644
84.612 1141 33.7786915081091
84.638 968 31.1126983722081
84.664 882 29.698484809835
84.69 856 29.2574776766556
84.716 794 28.1780056072107
84.742 789 28.0891438103763
84.768 783 27.9821371592664
84.794 775 27.8388218141501
84.82 733 27.0739727413618
84.846 735 27.1108834234519
84.872 754 27.459060435492
84.898 699 26.4386081328046
84.924 701 26.4764045897475
84.95 697 26.4007575648882
84.976 683 26.134268690744
85.002 696 26.3818119165458
85.028 644 25.377155080899
85.054 693 26.3248931621764
85.08 684 26.153393661244
85.106 740 27.2029410174709
85.132 690 26.2678510731274
85.158 669 25.8650343127551
85.184 708 26.6082693913001
85.21 692 26.3058928759318
85.236 679 26.0576284415908
85.262 658 25.6515106767613
85.288 678 26.0384331325831
85.314 682 26.1151297144012
85.34 691 26.2868788561898
85.366 724 26.9072480941474
85.392 630 25.0998007960223
85.418 637 25.2388589282479
85.444 672 25.9229627936314
85.47 669 25.8650343127551
85.496 667 25.8263431402899
85.522 718 26.7955220139485
85.548 700 26.4575131106459
85.574 652 25.5342906696074
85.6 670 25.8843582110896
85.626 745 27.2946881279124
85.652 684 26.153393661244
85.678 658 25.6515106767613
85.704 663 25.7487863791675
85.73 652 25.5342906696074
85.756 649 25.475478405714
85.782 701 26.4764045897475
85.808 643 25.3574446662119
85.834 633 25.1594912508182
85.86 645 25.3968501984006
85.886 676 26
85.912 689 26.2488094968134
85.938 657 25.6320112359526
85.964 662 25.7293606605372
85.99 658 25.6515106767613
86.016 639 25.2784493195291
86.042 661 25.7099202643649
86.068 665 25.7875939164553
86.094 671 25.9036676939772
86.12 698 26.4196896272458
86.146 672 25.9229627936314
86.172 671 25.9036676939772
86.198 704 26.5329983228432
86.224 680 26.0768096208106
86.25 690 26.2678510731274
86.276 705 26.5518360947035
86.302 679 26.0576284415908
86.328 726 26.944387170615
86.354 778 27.8926513619627
86.38 766 27.6767050061961
86.406 722 26.8700576850888
86.432 697 26.4007575648882
86.458 728 26.9814751264641
86.484 736 27.1293199325011
86.51 764 27.6405499221705
86.536 775 27.8388218141501
86.562 742 27.2396769437525
86.588 721 26.8514431641951
86.614 731 27.0370116691915
86.64 764 27.6405499221705
86.666 740 27.2029410174709
86.692 699 26.4386081328046
86.718 680 26.0768096208106
86.744 708 26.6082693913001
86.77 740 27.2029410174709
86.796 729 27
86.822 691 26.2868788561898
86.848 691 26.2868788561898
86.874 727 26.9629375254255
86.9 700 26.4575131106459
86.926 703 26.5141471671257
86.952 736 27.1293199325011
86.978 694 26.343879744639
87.004 658 25.6515106767613
87.03 685 26.1725046566048
87.056 692 26.3058928759318
87.082 659 25.6709953059869
87.108 673 25.9422435421457
87.134 696 26.3818119165458
87.16 714 26.7207784317748
87.186 691 26.2868788561898
87.212 678 26.0384331325831
87.238 678 26.0384331325831
87.264 681 26.0959767013998
87.29 733 27.0739727413618
87.316 773 27.8028775489157
87.342 800 28.2842712474619
87.368 795 28.1957443597434
87.394 841 29
87.42 959 30.967725134404
87.446 1111 33.3316666249979
87.472 1329 36.4554522671164
87.498 1385 37.2155881318568
87.524 1250 35.3553390593274
87.55 1044 32.310988842807
87.576 937 30.6104557300279
87.602 844 29.0516780926679
87.628 851 29.1719042916296
87.654 850 29.1547594742265
87.68 863 29.3768616431368
87.706 910 30.1662062579967
87.732 962 31.0161248385416
87.758 996 31.559467676119
87.784 982 31.3368792319848
87.81 935 30.5777697028413
87.836 832 28.8444102037119
87.862 785 28.0178514522438
87.888 758 27.5317997958724
87.914 748 27.3495886623547
87.94 681 26.0959767013998
87.966 722 26.8700576850888
87.992 685 26.1725046566048
88.018 703 26.5141471671257
88.044 668 25.8456959666402
88.07 713 26.7020598456374
88.096 675 25.9807621135332
88.122 655 25.5929677841395
88.148 713 26.7020598456374
88.174 650 25.4950975679639
88.2 664 25.7681974534503
88.226 708 26.6082693913001
88.252 651 25.5147016443461
88.278 656 25.6124969497314
88.304 651 25.5147016443461
88.33 694 26.343879744639
88.356 687 26.2106848441623
88.382 667 25.8263431402899
88.408 660 25.6904651573303
88.434 612 24.738633753706
88.46 696 26.3818119165458
88.486 629 25.0798724079689
88.512 696 26.3818119165458
88.538 667 25.8263431402899
88.564 697 26.4007575648882
88.59 682 26.1151297144012
88.616 681 26.0959767013998
88.642 651 25.5147016443461
88.668 644 25.377155080899
88.694 660 25.6904651573303
88.72 679 26.0576284415908
88.746 694 26.343879744639
88.772 689 26.2488094968134
88.798 695 26.3628526529281
88.824 705 26.5518360947035
88.85 710 26.6458251889485
88.876 729 27
88.902 729 27
88.928 765 27.6586333718787
88.954 853 29.2061637330205
88.98 844 29.0516780926679
89.006 872 29.5296461204668
89.032 927 30.4466746952767
89.058 871 29.5127091267474
89.084 857 29.2745623366089
89.11 868 29.4618397253125
89.136 847 29.1032644217105
89.162 856 29.2574776766556
89.188 838 28.9482296522603
89.214 856 29.2574776766556
89.24 891 29.8496231131986
89.266 934 30.5614135798723
89.292 1019 31.9217793990247
89.318 1051 32.4191301548947
89.344 1055 32.4807635378234
89.37 1111 33.3316666249979
89.396 1214 34.8425027803687
89.422 1419 37.6696164036747
89.448 1704 41.2795348811006
89.474 2260 47.5394572960189
89.5 3245 56.9649014745045
89.526 4604 67.8527818147495
89.552 5878 76.668115928331
89.578 5842 76.4329771760855
89.604 4507 67.1341939699882
89.63 3177 56.3648826841678
89.656 2294 47.8957200593122
89.682 1794 42.3556371690947
89.708 1605 40.0624512480203
89.734 1653 40.6571027005122
89.76 1853 43.0464865000618
89.786 2266 47.6025209416476
89.812 2909 53.9351462406472
89.838 3408 58.3780780773057
89.864 3257 57.0701322935211
89.89 2600 50.9901951359278
89.916 1922 43.8406204335659
89.942 1471 38.3536178215302
89.968 1222 34.9571165858971
