20.002 7177 84.717176534632
20.028 7275 85.2936105461599
20.054 7370 85.848704125339
20.08 7405 86.0523096726636
20.106 7336 85.6504524214554
20.132 7290 85.3814968245462
20.158 7171 84.6817571853584
20.184 7198 84.8410278108416
20.21 7126 84.4156383616211
20.236 7197 84.8351342310484
20.262 7065 84.0535543567314
20.288 7143 84.5162706228807
20.314 7044 83.9285410334291
20.34 7192 84.8056601884568
20.366 7050 83.9642781187333
20.392 7032 83.8570211729465
20.418 7191 84.7997641506154
20.444 7029 83.8391316748927
20.47 6998 83.6540495134575
20.496 6932 83.2586331859946
20.522 7044 83.9285410334291
20.548 7112 84.3326745692321
20.574 6975 83.5164654424503
20.6 7007 83.7078252017098
20.626 7046 83.9404550857332
20.652 6969 83.4805366537614
20.678 6964 83.4505841801003
20.704 6976 83.5224520712844
20.73 6946 83.3426661440585
20.756 6998 83.6540495134575
20.782 6943 83.3246662159531
20.808 6780 82.3407554009556
20.834 6766 82.2556988907152
20.86 6814 82.5469563339558
20.886 6826 82.6196102629394
20.912 6818 82.5711814133721
20.938 6848 82.7526434623088
20.964 6796 82.4378553820998
20.99 6755 82.1888070238278
21.016 6761 82.2253002426869
21.042 6713 81.9328993750374
21.068 6691 81.7985329941803
21.094 6727 82.0182906430023
21.12 6735 82.0670457613773
21.146 6760 82.2192191643779
21.172 6687 81.7740790226341
21.198 6647 81.5291358963162
21.224 6683 81.7496177361093
21.25 6688 81.7801932010435
21.276 6597 81.2219182240853
21.302 6528 80.7960395068966
21.328 6665 81.6394512475433
21.354 6629 81.4186710773395
21.38 6514 80.7093550959243
21.406 6543 80.8888125762766
21.432 6522 80.7589004382799
21.458 6530 80.8084154033477
21.484 6555 80.9629544915451
21.51 6566 81.0308583195316
21.536 6514 80.7093550959243
21.562 6522 80.7589004382799
21.588 6547 80.9135340965898
21.614 6489 80.5543294925853
21.64 6364 79.7746827007165
21.666 6350 79.6868872525461
21.692 6446 80.2869852466762
21.718 6495 80.5915628338352
21.744 6448 80.2994395995389
21.77 6387 79.9187086982766
21.796 6390 79.9374755668454
21.822 6457 80.3554602998452
21.848 6423 80.1436210811566
21.874 6350 79.6868872525461
21.9 6327 79.5424415013771
21.926 6259 79.1138420252739
21.952 6287 79.2906047397799
21.978 6288 79.296910406396
22.004 6278 79.2338311581612
22.03 6259 79.1138420252739
22.056 6407 80.0437380436471
22.082 6361 79.7558775263617
22.108 6372 79.8248081739004
22.134 6332 79.573865056311
22.16 6282 79.2590688817374
22.186 6365 79.7809501071528
22.212 6086 78.0128194593683
22.238 6184 78.63841300535
22.264 6072 77.9230389551126
22.29 6179 78.6066154976793
22.316 6232 78.9430174239622
22.342 6087 78.0192283991581
22.368 6176 78.587530817554
22.394 6175 78.5811682275086
22.42 6063 77.8652682522831
22.446 5938 77.0584193972339
22.472 6135 78.3262408136635
22.498 6106 78.1408983823452
22.524 6044 77.7431669023072
22.55 6072 77.9230389551126
22.576 6079 77.9679421300832
22.602 5997 77.4402995861974
22.628 6145 78.390050389064
22.654 5969 77.2593036468748
22.68 5916 76.9155380921176
22.706 6047 77.7624588088623
22.732 6017 77.5693238335877
22.758 5849 76.4787552199956
22.784 6089 78.0320446995976
22.81 6101 78.108898340714
22.836 5910 76.8765243751303
22.862 5927 76.9870118916171
22.888 5887 76.7267880208731
22.914 5851 76.4918296290525
22.94 5976 77.3045923603508
22.966 5899 76.8049477572897
22.992 5912 76.8895311469643
23.018 5840 76.4198926981712
23.044 5793 76.1117599323521
23.07 5921 76.9480344128425
23.096 5836 76.3937170191371
23.122 5809 76.2167960491649
23.148 5946 77.110310594628
23.174 5843 76.4395185751454
23.2 5789 76.085478246509
23.226 5853 76.5049018037407
23.252 5740 75.7627876995032
23.278 5719 75.6240702422185
23.304 5861 76.5571681816928
23.33 5754 75.8551250740515
23.356 5747 75.8089704454559
23.382 5764 75.9210115844092
23.408 5718 75.6174583016383
23.434 5801 76.1642960973185
23.46 5774 75.9868409660515
23.486 5712 75.5777745107647
23.512 5714 75.591004755857
23.538 5656 75.2063827078527
23.564 5659 75.2263251794211
23.59 5661 75.2396172239067
23.616 5708 75.5513070700964
23.642 5683 75.385675031799
23.668 5630 75.0333259292163
23.694 5553 74.5184540902453
23.72 5587 74.7462373634954
23.746 5592 74.7796763833597
23.772 5589 74.7596147662627
23.798 5635 75.0666370633453
23.824 5579 74.6927037936103
23.85 5559 74.5587017054348
23.876 5579 74.6927037936103
23.902 5554 74.5251635355468
23.928 5457 73.8715100698503
23.954 5427 73.668174946852
23.98 5512 74.2428447730823
24.006 5502 74.1754676426108
24.032 5578 74.6860093993514
24.058 5570 74.6324326281812
24.084 5415 73.5866835779409
24.11 5443 73.7766900856903
24.136 5434 73.7156699759284
24.162 5436 73.7292343646671
24.188 5436 73.7292343646671
24.214 5423 73.6410211770586
24.24 5415 73.5866835779409
24.266 5367 73.2598116295695
24.292 5364 73.2393336944022
24.318 5442 73.769912566032
24.344 5518 74.2832417170926
24.37 5477 74.0067564483136
24.396 5354 73.1710325197069
24.422 5443 73.7766900856903
24.448 5449 73.8173421358423
24.474 5345 73.109506905737
24.5 5246 72.4292758489273
24.526 5250 72.4568837309472
24.552 5363 73.2325064435186
24.578 5393 73.4370478709486
24.604 5374 73.307571232445
24.63 5373 73.3007503372237
24.656 5417 73.6002717386288
24.682 5473 73.9797269527267
24.708 5539 74.4244583453585
24.734 5500 74.1619848709566
24.76 5572 74.6458304260861
24.786 5571 74.6391318277484
24.812 5534 74.3908596535892
24.838 5511 74.2361098118699
24.864 5343 73.095827514298
24.89 5371 73.287106642301
24.916 5358 73.1983606373804
24.942 5311 72.8766080440082
24.968 5295 72.7667506489056
24.994 5338 73.0616178304313
25.02 5335 73.0410843293006
25.046 5331 73.0136973450872
25.072 5253 72.4775827411483
25.098 5432 73.7021030907531
25.124 5361 73.2188500319419
25.15 5386 73.3893725276351
25.176 5506 74.2024258363566
25.202 5487 74.0742870367309
25.228 5768 75.9473501841901
25.254 5812 76.2364742101837
25.28 6033 77.6723889165255
25.306 6396 79.9749960925288
25.332 6703 81.8718510844845
25.358 6884 82.9698740507662
25.384 7127 84.4215612269757
25.41 6969 83.4805366537614
25.436 7239 85.0823130856231
25.462 7660 87.5214259481643
25.488 8517 92.2875939658197
25.514 9939 99.694533450937
25.54 11926 109.206226928688
25.566 15275 123.592070943083
25.592 19844 140.868733223523
25.618 21996 148.310485131699
25.644 17749 133.225372958757
25.67 15188 123.239604024031
25.696 12183 110.376627960814
25.722 8833 93.9840411984928
25.748 6980 83.5463942968217
25.774 6301 79.3788384898645
25.8 5857 76.5310394545899
25.826 5675 75.3325958665968
25.852 5504 74.1889479639656
25.878 5259 72.5189630372636
25.904 5304 72.8285658241325
25.93 5125 71.5891053163818
25.956 5023 70.8731260775197
25.982 5092 71.3582510996451
26.008 4963 70.4485627958442
26.034 4993 70.6611633077181
26.06 5090 71.3442359269479
26.086 4929 70.2068372738724
26.112 4898 69.9857128276908
26.138 4976 70.5407683541936
26.164 4962 70.4414650614253
26.19 5036 70.9647799968407
26.216 4989 70.6328535456412
26.242 4960 70.427267446636
26.268 4888 69.9142331717941
26.294 4932 70.2281994643178
26.32 4992 70.6540869306228
26.346 4922 70.1569668671615
26.372 4938 70.2709043630435
26.398 4950 70.3562363973514
26.424 4895 69.9642765988472
26.45 4959 70.420167565833
26.476 5022 70.8660708661063
26.502 5106 71.4562803397994
26.528 5230 72.3187389270582
26.554 5284 72.691127381545
26.58 5252 72.4706837279737
26.606 5169 71.8957578720748
26.632 5138 71.6798437498297
26.658 5137 71.6728679487573
26.684 5119 71.5471872263334
26.71 5152 71.7774337797054
26.736 5200 72.1110255092798
26.762 5205 72.145685941711
26.788 5247 72.4361788058978
26.814 5273 72.6154253585283
26.84 5269 72.587877775838
26.866 5289 72.7255113423068
26.892 5374 73.307571232445
26.918 5346 73.1163456417236
26.944 5395 73.4506637138154
26.97 5444 73.7834669827869
26.996 5415 73.5866835779409
27.022 5459 73.8850458482635
27.048 5458 73.8782782690555
27.074 5579 74.6927037936103
27.1 5773 75.9802605944465
27.126 6083 77.9935894801618
27.152 6440 80.2496105909555
27.178 6912 83.1384387633061
27.204 7585 87.091905479212
27.23 8517 92.2875939658197
27.256 9874 99.3680028983173
27.282 11691 108.124927745641
27.308 14552 120.631670800002
27.334 18538 136.154324206027
27.36 24710 157.194147473753
27.386 34301 185.20529150108
27.412 49047 221.465572945323
27.438 71182 266.799550224508
27.464 91618 302.684654384724
27.49 88254 297.075747916251
27.516 67812 260.407373167505
27.542 54748 233.98290535849
27.568 38789 196.949232037091
27.594 21650 147.139389695622
27.62 13949 118.105884696742
27.646 10551 102.718060729358
27.672 9100 95.3939201416946
27.698 7989 89.3812060782355
27.724 7061 84.0297566341829
27.75 6553 80.9506022213547
27.776 6110 78.1664889834512
27.802 5906 76.8505042273634
27.828 5704 75.5248303539968
27.854 5456 73.8647412504776
27.88 5418 73.6070648783118
27.906 5209 72.1734023030645
27.932 5182 71.9861097712607
27.958 5036 70.9647799968407
27.984 4936 70.2566722810012
28.01 4934 70.2424373153438
28.036 4927 70.1925922017416
28.062 4824 69.4550214167413
28.088 4802 69.2964645562817
28.114 4865 69.7495519698872
28.14 4792 69.2242731995071
28.166 4780 69.1375440697744
28.192 4699 68.5492523664555
28.218 4576 67.6461381011511
28.244 4643 68.1395626636978
28.27 4768 69.0507060065283
28.296 4639 68.1102048154313
28.322 4488 66.9925368977769
28.348 4640 68.1175454637056
28.374 4464 66.8131723539603
28.4 4448 66.6933280021323
28.426 4543 67.4017803919155
28.452 4540 67.3795221116921
28.478 4483 66.9552089086428
28.504 4471 66.8655367136165
28.53 4430 66.558245169175
28.556 4418 66.4680374315355
28.582 4338 65.8634952003004
28.608 4270 65.3452370108182
28.634 4347 65.9317829275077
28.66 4306 65.6201188660917
28.686 4271 65.352888229978
28.712 4408 66.3927706907913
28.738 4297 65.5515064662895
28.764 4335 65.8407168855261
28.79 4329 65.7951365983839
28.816 4296 65.5438784326958
28.842 4323 65.749524713111
28.868 4285 65.4599113962126
28.894 4225 65
28.92 4226 65.00769185258
28.946 4239 65.1076032426321
28.972 4204 64.8382603097893
28.998 4249 65.1843539509291
29.024 4226 65.00769185258
29.05 4119 64.1794359588802
29.076 4165 64.5368112010502
29.102 4195 64.7688196588451
29.128 4175 64.6142399166004
29.154 4215 64.9230313525177
29.18 4204 64.8382603097893
29.206 4157 64.4748012792595
29.232 4166 64.5445582524197
29.258 4090 63.9531078212779
29.284 4017 63.3798075099633
29.31 4073 63.8200595424354
29.336 4022 63.4192399828317
29.362 3971 63.0158710167526
29.388 4037 63.5373905665003
29.414 4060 63.718129288296
29.44 4033 63.5059052372297
29.466 4029 63.4744042902334
29.492 3991 63.1743618883483
29.518 3994 63.1981012372998
29.544 3988 63.1506136153878
29.57 4008 63.3087671653777
29.596 4048 63.6238948823475
29.622 4046 63.608175575157
29.648 3975 63.0476010645925
29.674 3973 63.0317380372777
29.7 3919 62.6019169035582
29.726 3890 62.3698645180507
29.752 3882 62.3056979737809
29.778 3910 62.5299928034539
29.804 3907 62.5059997120276
29.83 3904 62.4819974072532
29.856 3929 62.6817357768593
29.882 3947 62.8251541979803
29.908 3906 62.497999967999
29.934 3953 62.8728876384726
29.96 4019 63.3955834423818
29.986 4005 63.285069329187
30.012 3918 62.5939294181153
30.038 4015 63.3640276497635
30.064 4067 63.7730350540101
30.09 3978 63.0713881248859
30.116 3957 62.9046898092662
30.142 3832 61.9031501621686
30.168 3790 61.5629758864855
30.194 3774 61.4328902136307
30.22 3881 62.2976725086901
30.246 3717 60.9672042987047
30.272 3709 60.9015599143405
30.298 3936 62.7375485654325
30.324 3794 61.595454377738
30.35 3895 62.4099351065197
30.376 3975 63.0476010645925
30.402 3763 61.34329629226
30.428 3882 62.3056979737809
30.454 3831 61.8950725017751
30.48 3804 61.6765757804371
30.506 3798 61.6279157525224
30.532 3680 60.6630035524124
30.558 3851 62.0564259364008
30.584 3738 61.1391854705311
30.61 3742 61.1718889687085
30.636 3688 60.7289058027559
30.662 3730 61.0737259384099
30.688 3726 61.0409698481274
30.714 3608 60.0666296707248
30.74 3712 60.9261848469113
30.766 3719 60.9836043539573
30.792 3757 61.2943716828878
30.818 3643 60.3572696532903
30.844 3677 60.6382717431821
30.87 3755 61.2780547994141
30.896 3632 60.2660766932775
30.922 3614 60.1165534607565
30.948 3675 60.6217782649107
30.974 3638 60.3158354000009
31 3713 60.9343909463285
31.026 3654 60.4483250388297
31.052 3683 60.687725282795
31.078 3697 60.802960454241
31.104 3615 60.1248700622297
31.13 3545 59.5399025864168
31.156 3565 59.7076209541127
31.182 3527 59.388551085205
31.208 3510 59.2452529743945
31.234 3566 59.7159945073345
31.26 3640 60.3324125159934
31.286 3652 60.4317797189525
31.312 3660 60.4979338490167
31.338 3629 60.2411819273161
31.364 3607 60.0583050043872
31.39 3639 60.3241245274227
31.416 3661 60.5061980296234
31.442 3723 61.0163912403872
31.468 3779 61.4735715572147
31.494 3757 61.2943716828878
31.52 3711 60.9179776420721
31.546 3688 60.7289058027559
31.572 3762 61.3351449007826
31.598 3736 61.1228271597445
31.624 3647 60.390396587537
31.65 3612 60.0999168052669
31.676 3595 59.9583188556851
31.702 3606 60.0499791840097
31.728 3586 59.8832196863195
31.754 3491 59.0846849868898
31.78 3477 58.9660919512223
31.806 3491 59.0846849868898
31.832 3419 58.4722156241749
31.858 3416 58.4465567848098
31.884 3439 58.642987645583
31.91 3425 58.5234995535981
31.936 3428 58.5491246732178
31.962 3432 58.5832740635072
31.988 3469 58.8982172905089
32.014 3447 58.7111573723428
32.04 3386 58.1893461039046
32.066 3357 57.9396237474839
32.092 3363 57.9913786695919
32.118 3429 58.5576638878294
32.144 3374 58.0861429258304
32.17 3346 57.8446194559183
32.196 3339 57.7840808527747
32.222 3358 57.9482527778017
32.248 3360 57.9655069847578
32.274 3373 58.0775343829264
32.3 3368 58.0344725141876
32.326 3361 57.974132162543
32.352 3426 58.5320425066476
32.378 3357 57.9396237474839
32.404 3403 58.335238064141
32.43 3359 57.9568805233684
32.456 3385 58.1807528311554
32.482 3332 57.7234787586472
32.508 3382 58.1549653941948
32.534 3381 58.1463670404265
32.56 3358 57.9482527778017
32.586 3273 57.2101389615512
32.612 3289 57.3498038357587
32.638 3315 57.5760366819391
32.664 3262 57.1139212451745
32.69 3395 58.2666285278289
32.716 3271 57.1926568713152
32.742 3272 57.2013985843004
32.768 3234 56.8682688324517
32.794 3333 57.7321400954442
32.82 3169 56.2938717801503
32.846 3248 56.9912273951
32.872 3262 57.1139212451745
32.898 3173 56.3293884220306
32.924 3290 57.3585215987999
32.95 3187 56.4535207050898
32.976 3222 56.7626637852735
33.002 3156 56.1782876207526
33.028 3272 57.2013985843004
33.054 3221 56.7538544946508
33.08 3263 57.1226750073909
33.106 3291 57.3672380370539
33.132 3196 56.5331761004103
33.158 3049 55.2177507691141
33.184 3234 56.8682688324517
33.21 3122 55.874860178796
33.236 3055 55.2720544217419
33.262 3048 55.208694967369
33.288 3125 55.9016994374947
33.314 3152 56.1426753904728
33.34 3159 56.2049819855856
33.366 3092 55.6057550978314
33.392 3103 55.7045779088218
33.418 3137 56.0089278597618
33.444 3198 56.5508620623948
33.47 3169 56.2938717801503
33.496 3124 55.8927544499285
33.522 3100 55.6776436283002
33.548 3065 55.3624421426656
33.574 3124 55.8927544499285
33.6 3125 55.9016994374947
33.626 3079 55.4887375960203
33.652 3091 55.5967624956706
33.678 3106 55.7314991723711
33.704 3120 55.8569601750758
33.73 3096 55.6417109729742
33.756 3082 55.515763527128
33.782 3057 55.2901437871163
33.808 3052 55.2449092677325
33.834 3057 55.2901437871163
33.86 3126 55.9106429939775
33.886 3131 55.9553393341511
33.912 3179 56.3826214360418
33.938 3131 55.9553393341511
33.964 3212 56.674509261219
33.99 3214 56.6921511322335
34.016 3169 56.2938717801503
34.042 3175 56.3471383479232
34.068 3200 56.5685424949238
34.094 3190 56.4800849857718
34.12 3114 55.8032257132148
34.146 3051 55.2358579185659
34.172 3101 55.6866231693034
34.198 3164 56.2494444417009
34.224 3195 56.5243310442503
34.25 3166 56.2672195865408
34.276 3068 55.3895296965049
34.302 2996 54.735728733616
34.328 3012 54.881690936049
34.354 3108 55.7494394590654
34.38 3180 56.3914887194867
34.406 3131 55.9553393341511
34.432 3086 55.5517776493246
34.458 3154 56.1604843283959
34.484 3143 56.0624651616391
34.51 3054 55.2630075185924
34.536 3036 55.0999092558236
34.562 3072 55.4256258422041
34.588 3172 56.3205113613149
34.614 3215 56.7009700093393
34.64 3160 56.2138772902208
34.666 3155 56.1693866799345
34.692 3211 56.6656862660288
34.718 3216 56.7097875150313
34.744 3267 57.157676649773
34.77 3301 57.4543296888929
34.796 3288 57.3410847473258
34.822 3472 58.9236794506249
34.848 3642 60.3489850784584
34.874 3711 60.9179776420721
34.9 3815 61.765686266729
34.926 3922 62.6258732474047
34.952 4191 64.7379332385581
34.978 4655 68.2275604136627
35.004 5058 71.1196175467782
35.03 5761 75.9012516365837
35.056 6767 82.2617772723152
35.082 8520 92.3038460737146
35.108 11581 107.615054708902
35.134 16360 127.906215642556
35.16 23310 152.676127799994
35.186 27853 166.89218076351
35.212 22939 151.456264314158
35.238 16786 129.560796539694
35.264 16493 128.42507543311
35.29 14943 122.241564126119
35.316 9340 96.6436754267965
35.342 6272 79.1959594928933
35.368 5261 72.5327512231544
35.394 4494 67.0373030483775
35.42 4176 64.621977685614
35.446 3999 63.2376470150495
35.472 3842 61.9838688692469
35.498 3703 60.8522801544856
35.524 3643 60.3572696532903
35.55 3590 59.916608715781
35.576 3552 59.5986577030054
35.602 3697 60.802960454241
35.628 3660 60.4979338490167
35.654 3667 60.5557594288107
35.68 3499 59.152345684681
35.706 3630 60.2494813255683
35.732 3734 61.1064644698088
35.758 3741 61.1637147334921
35.784 3824 61.8384993349612
35.81 4062 63.7338214765128
35.836 4144 64.3739077577243
35.862 4399 66.3249575951617
35.888 4645 68.1542368455549
35.914 5269 72.587877775838
35.94 6029 77.6466354712167
35.966 7221 84.9764673306675
35.992 9239 96.1197170199746
36.018 12234 110.607413856396
36.044 17816 133.476589707709
36.07 26900 164.012194668567
36.096 37851 194.553334589773
36.122 39232 198.070694450239
36.148 29942 173.037568175238
36.174 24604 156.85662242953
36.2 23676 153.870075063347
36.226 18711 136.788157382136
36.252 11808 108.664621657649
36.278 7690 87.692645073575
36.304 5977 77.3110600108419
36.33 5001 70.7177488329486
36.356 4352 65.9696900098826
36.382 4091 63.9609255717895
36.408 3772 61.4166101311364
36.434 3544 59.5315042645489
36.46 3430 58.5662018573853
36.486 3389 58.2151183113115
36.512 3344 57.8273291792038
36.538 3205 56.6127194188726
36.564 3150 56.1248608016091
36.59 3148 56.1070405564221
36.616 3052 55.2449092677325
36.642 3043 55.1633936592012
36.668 2982 54.6076917659042
36.694 2933 54.157178656204
36.72 2971 54.5068802996466
36.746 2950 54.3139024560011
36.772 2953 54.3415126767741
36.798 2972 54.516052681756
36.824 2963 54.4334456010273
36.85 2960 54.4058820349418
36.876 2922 54.0555270069583
36.902 2921 54.0462764674866
36.928 2949 54.3046959295419
36.954 2980 54.5893762558247
36.98 2900 53.851648071345
37.006 2857 53.4509120595711
37.032 2816 53.0659966456864
37.058 2768 52.6117857518636
37.084 2823 53.1319113151409
37.11 2824 53.1413210223457
37.136 2812 53.0282943342514
37.162 2849 53.3760245803301
37.188 2858 53.4602656184946
37.214 2832 53.2165387826003
37.24 2784 52.7636238330917
37.266 2720 52.1536192416212
37.292 2773 52.6592821827263
37.318 2788 52.8015151297763
37.344 2778 52.7067358124178
37.37 2787 52.792044855262
37.396 2778 52.7067358124178
37.422 2758 52.5166640220035
37.448 2804 52.9528091794949
37.474 2887 53.7308105280388
37.5 2949 54.3046959295419
37.526 2925 54.0832691319598
37.552 3028 55.0272659687904
37.578 3211 56.6656862660288
37.604 3255 57.0526073023836
37.63 3527 59.388551085205
37.656 3817 61.781874364574
37.682 4309 65.6429737291052
37.708 5066 71.175838597097
37.734 6452 80.3243425120928
37.76 8447 91.9075622568676
37.786 11393 106.737996983267
37.812 13358 115.576814283835
37.838 11028 105.014284742601
37.864 8329 91.2633551870629
37.89 8432 91.825922265992
37.916 8207 90.592494170323
37.942 5967 77.2463591375024
37.968 4333 65.8255269633294
37.994 3718 60.9754048777046
38.02 3412 58.4123274660409
38.046 3283 57.2974694031072
38.072 2966 54.4609952167604
38.098 2848 53.3666562565053
38.124 2833 53.2259335286851
38.15 2766 52.5927751692188
38.176 2699 51.9519008314422
38.202 2696 51.9230199429887
38.228 2699 51.9519008314422
38.254 2641 51.3906606301184
38.28 2630 51.2835256198323
38.306 2536 50.3587132480567
38.332 2544 50.438080851674
38.358 2649 51.4684369298311
38.384 2534 50.3388517946129
38.41 2572 50.7148893324239
38.436 2588 50.8723893679076
38.462 2641 51.3906606301184
38.488 2619 51.1761663276959
38.514 2642 51.4003891035856
38.54 2580 50.7937003968012
38.566 2631 51.2932744129286
38.592 2570 50.6951674225463
38.618 2546 50.4579032461715
38.644 2460 49.598387070549
38.67 2522 50.2195181179589
38.696 2495 49.9499749749687
38.722 2571 50.7050293363489
38.748 2483 49.829710013204
38.774 2516 50.1597448159378
38.8 2592 50.9116882454314
38.826 2475 49.749371855331
38.852 2558 50.5766744656072
38.878 2503 50.029991005396
38.904 2527 50.2692749102272
38.93 2631 51.2932744129286
38.956 2710 52.0576603392815
38.982 2750 52.4404424085076
39.008 2795 52.8677595515452
39.034 2857 53.4509120595711
39.06 2947 54.2862781925599
39.086 3095 55.6327241828045
39.112 3359 57.9568805233684
39.138 3888 62.3538290724796
39.164 4800 69.2820323027551
39.19 6095 78.0704809771273
39.216 7062 84.035706696618
39.242 6783 82.3589703675319
39.268 5763 75.914425506619
39.294 5323 72.9588925354545
39.32 5067 71.182863106228
39.346 4476 66.9029147347109
39.372 3752 61.2535713244542
39.398 3180 56.3914887194867
39.424 2805 52.9622507074614
39.45 2661 51.5848815061157
39.476 2611 51.0979451641649
39.502 2600 50.9901951359278
39.528 2568 50.6754378372797
39.554 2557 50.5667875190821
39.58 2541 50.4083326445142
39.606 2487 49.8698305591667
39.632 2456 49.5580467734555
39.658 2463 49.6286207747102
39.684 2445 49.4469412603045
39.71 2392 48.9080770425499
39.736 2398 48.9693781867812
39.762 2409 49.0815647672321
39.788 2425 49.2442890089805
39.814 2445 49.4469412603045
39.84 2423 49.2239778969559
39.866 2432 49.3153120237518
39.892 2420 49.1934955049954
39.918 2339 48.363209157375
39.944 2354 48.5180378828328
39.97 2439 49.386232899463
39.996 2396 48.9489530020817
40.022 2359 48.5695377783236
40.048 2339 48.363209157375
40.074 2399 48.9795875850338
40.1 2460 49.598387070549
40.126 2431 49.3051721424842
40.152 2356 48.5386443980464
40.178 2379 48.7749935930288
40.204 2344 48.4148737476408
40.23 2388 48.8671668914825
40.256 2390 48.8876262463213
40.282 2359 48.5695377783236
40.308 2340 48.3735464897913
40.334 2341 48.3838816136118
40.36 2357 48.5489443757534
40.386 2270 47.6445169982864
40.412 2404 49.0306026885251
40.438 2440 49.3963561409139
40.464 2403 49.0204039151046
40.49 2340 48.3735464897913
40.516 2272 47.6655011512519
40.542 2313 48.0936586256442
40.568 2231 47.2334627144782
40.594 2215 47.0637865030004
40.62 2277 47.7179211617606
40.646 2400 48.9897948556636
40.672 2310 48.0624593627917
40.698 2449 49.4873721266345
40.724 2350 48.4767985741633
40.75 2391 48.8978527135906
40.776 2357 48.5489443757534
40.802 2366 48.6415460280612
40.828 2412 49.1121166312347
40.854 2399 48.9795875850338
40.88 2435 49.3457191659013
40.906 2473 49.7292670366254
40.932 2532 50.3189825016365
40.958 2496 49.9599839871872
40.984 2659 51.565492337415
41.01 2890 53.7587202228625
41.036 2920 54.0370243444252
41.062 3141 56.0446250768082
41.088 3529 59.4053869611166
41.114 3684 60.6959636219741
41.14 4285 65.4599113962126
41.166 5559 74.5587017054348
41.192 7765 88.1192374002408
41.218 11333 106.456563912236
41.244 16498 128.444540561287
41.27 19880 140.996453856117
41.296 16509 128.487353463288
41.322 12044 109.745159346552
41.348 11283 106.22146675696
41.374 11829 108.761206319165
41.4 9573 97.8417088975862
41.426 6297 79.3536388579629
41.452 4432 66.573267908373
41.478 3620 60.1664358259653
41.504 3122 55.874860178796
41.53 2915 53.9907399467724
41.556 2795 52.8677595515452
41.582 2670 51.6720427310552
41.608 2653 51.5072810387036
41.634 2555 50.5470078244004
41.66 2563 50.6260802353886
41.686 2595 50.9411425078001
41.712 2571 50.7050293363489
41.738 2507 50.0699510684802
41.764 2426 49.254441424099
41.79 2460 49.598387070549
41.816 2483 49.829710013204
41.842 2486 49.8598034492716
41.868 2405 49.0407993409569
41.894 2322 48.187135212627
41.92 2326 48.22862220715
41.946 2379 48.7749935930288
41.972 2351 48.4871116896026
41.998 2277 47.7179211617606
42.024 2241 47.3392015141785
42.05 2263 47.5709995690652
42.076 2311 48.0728613668877
42.102 2325 48.2182538049648
42.128 2278 47.7283982551269
42.154 2218 47.0956473572665
42.18 2254 47.4763098818769
42.206 2270 47.6445169982864
42.232 2242 47.3497624070069
42.258 2247 47.4025315779653
42.284 2231 47.2334627144782
42.31 2237 47.2969343615419
42.336 2277 47.7179211617606
42.362 2271 47.6550102297754
42.388 2242 47.3497624070069
42.414 2243 47.3603209448585
42.44 2244 47.370877129308
42.466 2242 47.3497624070069
42.492 2215 47.0637865030004
42.518 2203 46.9361268108053
42.544 2275 47.6969600708473
42.57 2247 47.4025315779653
42.596 2169 46.5725240887801
42.622 2242 47.3497624070069
42.648 2276 47.7074417675063
42.674 2303 47.9895822028073
42.7 2280 47.7493455452533
42.726 2280 47.7493455452533
42.752 2273 47.6759897642409
42.778 2343 48.4045452411238
42.804 2365 48.6312656631513
42.83 2296 47.9165942028438
42.856 2326 48.22862220715
42.882 2361 48.5901224530254
42.908 2359 48.5695377783236
42.934 2409 49.0815647672321
42.96 2428 49.2747399790197
42.986 2574 50.7346035758633
43.012 2590 50.8920425999979
43.038 2620 51.1859355682789
43.064 2753 52.4690384893796
43.09 2896 53.8144961882948
43.116 3083 55.524769247607
43.142 3227 56.8066897468951
43.168 3712 60.9261848469113
43.194 4179 64.6451854355759
43.22 4586 67.7200118133481
43.246 5380 73.348483283569
43.272 6722 81.9878039710785
43.298 9329 96.5867485734974
43.324 13736 117.200682591869
43.35 20360 142.688471853896
43.376 28146 167.767696533033
43.402 26837 163.820023196189
43.428 17657 132.879644791819
43.454 14350 119.791485507109
43.48 15814 125.753727578947
43.506 16088 126.838479965663
43.532 10747 103.667738472487
43.558 6435 80.2184517427256
43.584 4695 68.5200700525036
43.61 4141 64.3506021727847
43.636 3618 60.1498129672903
43.662 3303 57.471732182004
43.688 2967 54.4701753255853
43.714 2905 53.8980519128475
43.74 2673 51.7010638188423
43.766 2756 52.4976189936268
43.792 2657 51.5460958754395
43.818 2612 51.1077293567226
43.844 2647 51.4490038776262
43.87 2613 51.1175116765282
43.896 2739 52.3354564325181
43.922 2869 53.5630469633683
43.948 3162 56.2316636780382
43.974 3542 59.514704065466
44 4342 65.8938540381423
44.026 5656 75.2063827078527
44.052 7202 84.8645980371085
44.078 7823 88.4477246739564
44.104 6593 81.1972905951917
44.13 5308 72.8560224003479
44.156 5073 71.2249956124955
44.182 5257 72.5051722292969
44.208 4719 68.6949779823824
44.234 3762 61.3351449007826
44.26 2949 54.3046959295419
44.286 2628 51.2640224719052
44.312 2416 49.152822909778
44.338 2316 48.1248376620639
44.364 2225 47.169905660283
44.39 2153 46.4004310324807
44.416 2156 46.4327470649756
44.442 2117 46.0108682813094
44.468 2071 45.508241011931
44.494 2076 45.5631429995781
44.52 1992 44.6318272088428
44.546 2011 44.8441746495573
44.572 2068 45.4752680036083
44.598 2090 45.7165178026498
44.624 2028 45.0333209967908
44.65 2025 45
44.676 2028 45.0333209967908
44.702 1985 44.5533388198909
44.728 1964 44.3170396123207
44.754 1977 44.4634681508314
44.78 1957 44.2379927211893
44.806 1972 44.407206622349
44.832 1985 44.5533388198909
44.858 1919 43.806392227619
44.884 1900 43.5889894354067
44.91 1943 44.0794736810684
44.936 1977 44.4634681508314
44.962 1961 44.2831796509691
44.988 1909 43.692104549907
45.014 1874 43.2897216438267
45.04 1894 43.5201102939779
45.066 1952 44.181444068749
45.092 1922 43.8406204335659
45.118 1924 43.8634243989226
45.144 1997 44.6878059430087
45.17 1936 44
45.196 1867 43.2087954009366
45.222 1877 43.3243580448689
45.248 1871 43.2550575077643
45.274 1878 43.3358973600409
45.3 1855 43.0697109347161
45.326 1845 42.9534631898291
45.352 1853 43.0464865000618
45.378 1876 43.3128156554154
45.404 1905 43.6463056855904
45.43 1906 43.6577599058861
45.456 1896 43.5430821141545
45.482 1863 43.1624837098145
45.508 1849 43
45.534 1839 42.8835632847831
45.56 1859 43.1161222746202
45.586 1847 42.9767378938886
45.612 1831 42.7901857906693
45.638 1840 42.8952211790544
45.664 1802 42.4499705535822
45.69 1833 42.8135492572153
45.716 1853 43.0464865000618
45.742 1862 43.1508980207828
45.768 1880 43.3589667773576
45.794 1905 43.6463056855904
45.82 1851 43.0232495285979
45.846 1880 43.3589667773576
45.872 1910 43.7035467668243
45.898 1868 43.2203655699486
45.924 1863 43.1624837098145
45.95 1845 42.9534631898291
45.976 1844 42.9418211071678
46.002 1873 43.2781700167648
46.028 1878 43.3358973600409
46.054 1860 43.1277173056956
46.08 1823 42.6966040804184
46.106 1932 43.9545219516718
46.132 1936 44
46.158 1980 44.497190922574
46.184 2081 45.6179789118282
46.21 2119 46.0325971459356
46.236 2020 44.9444101084885
46.262 1948 44.1361529814278
46.288 1945 44.1021541423999
46.314 2037 45.133136385587
46.34 2042 45.18849411078
46.366 1944 44.0908153700972
46.392 1860 43.1277173056956
46.418 1811 42.5558456619064
46.444 1804 42.4735211631906
46.47 1812 42.5675933075855
46.496 1747 41.7971290880127
46.522 1804 42.4735211631906
46.548 1786 42.2610932182309
46.574 1795 42.3674403286297
46.6 1772 42.0951303596984
46.626 1806 42.4970587217516
46.652 1796 42.3792402008342
46.678 1773 42.1070065428546
46.704 1740 41.7133072292284
46.73 1732 41.6173040933696
46.756 1796 42.3792402008342
46.782 1843 42.9301758673314
46.808 1783 42.2255846614348
46.834 1730 41.5932686861708
46.86 1790 42.3083916026124
46.886 1794 42.3556371690947
46.912 1732 41.6173040933696
46.938 1738 41.6893271713517
46.964 1704 41.2795348811006
46.99 1732 41.6173040933696
47.016 1758 41.9285105864733
47.042 1714 41.4004830889689
47.068 1737 41.6773319683494
47.094 1729 41.5812457725836
47.12 1777 42.154477816716
47.146 1813 42.5793377120875
47.172 1825 42.7200187265877
47.198 1789 42.2965719651132
47.224 1776 42.142615011411
47.25 1794 42.3556371690947
47.276 1796 42.3792402008342
47.302 1726 41.545156155682
47.328 1687 41.0731055558257
47.354 1674 40.9145450909576
47.38 1697 41.194659848092
47.406 1730 41.5932686861708
47.432 1770 42.0713679359253
47.458 1767 42.0356991139674
47.484 1709 41.3400532171888
47.51 1708 41.3279566395437
47.536 1716 41.424630354416
47.562 1740 41.7133072292284
47.588 1743 41.7492514902962
47.614 1724 41.5210789840534
47.64 1764 42
47.666 1757 41.9165838302694
47.692 1731 41.6052881254294
47.718 1727 41.5571895103603
47.744 1714 41.4004830889689
47.77 1722 41.4969878424929
47.796 1738 41.6893271713517
47.822 1721 41.4849370253831
47.848 1732 41.6173040933696
47.874 1800 42.4264068711929
47.9 1781 42.2018956920184
47.926 1787 42.2729227756965
47.952 1769 42.0594816896262
47.978 1826 42.731721238443
48.004 1930 43.9317652729776
48.03 1996 44.6766158073774
48.056 2005 44.7772263544762
48.082 1995 44.6654228682546
48.108 2003 44.7548880012005
48.134 1969 44.3734154646676
48.16 1951 44.1701256507156
48.186 1922 43.8406204335659
48.212 2033 45.088801270382
48.238 1932 43.9545219516718
48.264 1897 43.5545634807651
48.29 1908 43.6806593356831
48.316 1902 43.611924974713
48.342 1857 43.0929228528305
48.368 1857 43.0929228528305
48.394 1841 42.9068759058499
48.42 1889 43.4626276242015
48.446 1798 42.4028300942284
48.472 1776 42.142615011411
48.498 1797 42.3910367884533
48.524 1881 43.3704968844029
48.55 1748 41.8090899207337
48.576 1659 40.7308237088326
48.602 1705 41.2916456441252
48.628 1761 41.9642705167146
48.654 1741 41.7252920900501
48.68 1761 41.9642705167146
48.706 1743 41.7492514902962
48.732 1801 42.4381903478459
48.758 1846 42.9651021178817
48.784 1798 42.4028300942284
48.81 1735 41.6533311993171
48.836 1745 41.7731971484108
48.862 1576 39.6988664825584
48.888 1624 40.2988833592198
48.914 1641 40.5092582010582
48.94 1660 40.7430975749267
48.966 1623 40.2864741569674
48.992 1672 40.8900966005217
49.018 1578 39.7240481320824
49.044 1609 40.1123422402632
49.07 1594 39.9249295553543
49.096 1628 40.348482003664
49.122 1573 39.6610640301039
49.148 1575 39.6862696659689
49.174 1547 39.3319208785943
49.2 1586 39.8246155034798
49.226 1607 40.0874045056549
49.252 1636 40.4474968323134
49.278 1620 40.2492235949962
49.304 1627 40.3360880601974
49.33 1631 40.3856410126173
49.356 1680 40.9878030638384
49.382 1682 41.0121933088198
49.408 1649 40.6078810084939
49.434 1622 40.2740611312045
49.46 1685 41.0487515035476
49.486 1604 40.0499687890016
49.512 1619 40.2367990774614
49.538 1623 40.2864741569674
49.564 1544 39.293765408777
49.59 1570 39.6232255123179
49.616 1610 40.1248052954778
49.642 1599 39.9874980462644
49.668 1665 40.8044115262063
49.694 1628 40.348482003664
49.72 1636 40.4474968323134
49.746 1616 40.1995024844836
49.772 1604 40.0499687890016
49.798 1572 39.648455203198
49.824 1593 39.9124040869502
49.85 1621 40.2616442783948
49.876 1609 40.1123422402632
49.902 1636 40.4474968323134
49.928 1626 40.3236903073119
49.954 1571 39.6358423652128
49.98 1581 39.7617907041421
50.006 1603 40.0374824383352
50.032 1564 39.5474398665704
50.058 1579 39.7366329726111
50.084 1568 39.5979797464467
50.11 1524 39.0384425918863
50.136 1546 39.319206502675
50.162 1586 39.8246155034798
50.188 1584 39.7994974842648
50.214 1555 39.4334883062607
50.24 1555 39.4334883062607
50.266 1556 39.446165846632
50.292 1544 39.293765408777
50.318 1567 39.585350825779
50.344 1620 40.2492235949962
50.37 1559 39.4841740447993
50.396 1491 38.6134691526156
50.422 1544 39.293765408777
50.448 1540 39.2428337406972
50.474 1551 39.3827373350304
50.5 1555 39.4334883062607
50.526 1542 39.2683078321437
50.552 1601 40.0124980474851
50.578 1579 39.7366329726111
50.604 1534 39.1663120551323
50.63 1541 39.255572852781
50.656 1588 39.8497176903426
50.682 1647 40.5832477754061
50.708 1587 39.8371685740842
50.734 1611 40.137264480779
50.76 1610 40.1248052954778
50.786 1582 39.7743636027027
50.812 1602 40.024992192379
50.838 1597 39.9624824053762
50.864 1605 40.0624512480203
50.89 1545 39.3064880140671
50.916 1584 39.7994974842648
50.942 1599 39.9874980462644
50.968 1625 40.3112887414927
50.994 1586 39.8246155034798
51.02 1532 39.1407715815619
51.046 1575 39.6862696659689
51.072 1535 39.1790760483195
51.098 1567 39.585350825779
51.124 1615 40.1870625948202
51.15 1568 39.5979797464467
51.176 1568 39.5979797464467
51.202 1518 38.9615194775563
51.228 1595 39.9374510954317
51.254 1588 39.8497176903426
51.28 1638 40.4722126896961
51.306 1572 39.648455203198
51.332 1479 38.4577690460588
51.358 1514 38.9101529166874
51.384 1601 40.0124980474851
51.41 1546 39.319206502675
51.436 1587 39.8371685740842
51.462 1548 39.344631145812
51.488 1618 40.2243707222375
51.514 1629 40.3608721412211
51.54 1576 39.6988664825584
51.566 1656 40.6939798987516
51.592 1529 39.1024295920343
51.618 1555 39.4334883062607
51.644 1635 40.4351332383115
51.67 1593 39.9124040869502
51.696 1588 39.8497176903426
51.722 1592 39.89987468652
51.748 1593 39.9124040869502
51.774 1657 40.7062648740952
51.8 1602 40.024992192379
51.826 1516 38.9358446678636
51.852 1542 39.2683078321437
51.878 1620 40.2492235949962
51.904 1627 40.3360880601974
51.93 1533 39.1535439009038
51.956 1502 38.7556447501522
51.982 1575 39.6862696659689
52.008 1681 41
52.034 1704 41.2795348811006
52.06 1635 40.4351332383115
52.086 1681 41
52.112 1704 41.2795348811006
52.138 1656 40.6939798987516
52.164 1643 40.5339363990225
52.19 1715 41.4125584816973
52.216 1800 42.4264068711929
52.242 1799 42.414620120897
52.268 1976 44.4522215417857
52.294 2106 45.8911756223351
52.32 2124 46.0868744872117
52.346 2256 47.4973683481517
52.372 2441 49.4064773081425
52.398 2635 51.3322510708424
52.424 2894 53.7959106252511
52.45 3314 57.567351858497
52.476 4016 63.3719180710194
52.502 5315 72.9040465269247
52.528 7551 86.8964901477614
52.554 10734 103.605019183435
52.58 12506 111.830228471554
52.606 10479 102.366986865884
52.632 7423 86.156833739408
52.658 6224 78.8923316932641
52.684 6631 81.4309523461442
52.71 7529 86.7698104181403
52.736 6996 83.6420946653059
52.762 5089 71.3372273080472
52.788 3640 60.3324125159934
52.814 2934 54.1664102558034
52.84 2588 50.8723893679076
52.866 2322 48.187135212627
52.892 2124 46.0868744872117
52.918 2101 45.8366665454634
52.944 1994 44.6542271235322
52.97 1930 43.9317652729776
52.996 1921 43.8292140016223
53.022 1845 42.9534631898291
53.048 1779 42.1781934179263
53.074 1767 42.0356991139674
53.1 1732 41.6173040933696
53.126 1739 41.7013189239861
53.152 1785 42.2492603485552
53.178 1735 41.6533311993171
53.204 1654 40.6693988153255
53.23 1658 40.7185461430047
53.256 1714 41.4004830889689
53.282 1689 41.097445176069
53.308 1663 40.7798970082074
53.334 1692 41.1339276024063
53.36 1695 41.1703777004778
53.386 1694 41.1582312545134
53.412 1637 40.4598566482878
53.438 1694 41.1582312545134
53.464 1683 41.024382993532
53.49 1674 40.9145450909576
53.516 1660 40.7430975749267
53.542 1718 41.4487635521254
53.568 1752 41.8568990729127
53.594 1706 41.3037528561268
53.62 1691 41.1217703899042
53.646 1764 42
53.672 1770 42.0713679359253
53.698 1771 42.0832508250016
53.724 1739 41.7013189239861
53.75 1806 42.4970587217516
53.776 1865 43.1856457633784
53.802 1864 43.1740662898458
53.828 1963 44.3057558337514
53.854 1980 44.497190922574
53.88 2048 45.254833995939
53.906 2148 46.3465209050259
53.932 2149 46.357307945997
53.958 2356 48.5386443980464
53.984 2357 48.5489443757534
54.01 2567 50.6655701635736
54.036 2773 52.6592821827263
54.062 3033 55.0726792520575
54.088 3304 57.4804314527997
54.114 3672 60.5970296301725
54.14 4036 63.5295206970744
54.166 4375 66.1437827766148
54.192 5559 74.5587017054348
54.218 7342 85.6854713472477
54.244 9992 99.9599919967984
54.27 15756 125.522906276106
54.296 24499 156.521564009564
54.322 37015 192.392827309128
54.348 44340 210.570653225942
54.374 36377 190.727554380588
54.4 24023 154.993548252822
54.426 18459 135.863902490691
54.452 19997 141.410749237814
54.478 23580 153.557806704837
54.504 23183 152.259646656624
54.53 16504 128.467894822014
54.556 10164 100.816665289028
54.582 6581 81.1233628494283
54.608 4938 70.2709043630435
54.634 4094 63.9843730921856
54.66 3461 58.8302643203309
54.686 3087 55.5607775323564
54.712 2794 52.85830114561
54.738 2584 50.8330601085553
54.764 2392 48.9080770425499
54.79 2268 47.6235235991626
54.816 2170 46.5832587954085
54.842 2069 45.4862616621766
54.868 2069 45.4862616621766
54.894 1992 44.6318272088428
54.92 1926 43.8862165149834
54.946 1878 43.3358973600409
54.972 1851 43.0232495285979
54.998 1918 43.7949768809164
55.024 1872 43.2666153055679
55.05 1880 43.3589667773576
55.076 1889 43.4626276242015
55.102 1886 43.4281015012169
55.128 1879 43.3474336033865
55.154 1805 42.485291572496
55.18 1749 41.821047332653
55.206 1736 41.6653333119993
55.232 1740 41.7133072292284
55.258 1743 41.7492514902962
55.284 1693 41.146081222882
55.31 1674 40.9145450909576
55.336 1650 40.6201920231798
55.362 1630 40.3732584763727
55.388 1705 41.2916456441252
55.414 1713 41.3884041731498
55.44 1658 40.7185461430047
55.466 1649 40.6078810084939
55.492 1620 40.2492235949962
55.518 1614 40.1746188532013
55.544 1638 40.4722126896961
55.57 1657 40.7062648740952
55.596 1649 40.6078810084939
55.622 1618 40.2243707222375
55.648 1638 40.4722126896961
55.674 1609 40.1123422402632
55.7 1579 39.7366329726111
55.726 1574 39.6736688497547
55.752 1633 40.4103947023535
55.778 1623 40.2864741569674
55.804 1584 39.7994974842648
55.83 1591 39.8873413503583
55.856 1591 39.8873413503583
55.882 1572 39.648455203198
55.908 1614 40.1746188532013
55.934 1627 40.3360880601974
55.96 1549 39.3573373083089
55.986 1577 39.7114593033296
56.012 1613 40.1621712560464
56.038 1574 39.6736688497547
56.064 1582 39.7743636027027
56.09 1602 40.024992192379
56.116 1619 40.2367990774614
56.142 1716 41.424630354416
56.168 1668 40.8411557133243
56.194 1725 41.5331193145904
56.22 1743 41.7492514902962
56.246 1715 41.4125584816973
56.272 1707 41.3158565202272
56.298 1859 43.1161222746202
56.324 1889 43.4626276242015
56.35 1961 44.2831796509691
56.376 2086 45.6727489866769
56.402 2055 45.3321078265725
56.428 2239 47.3180726572839
56.454 2320 48.1663783151692
56.48 2471 49.7091540865463
56.506 2920 54.0370243444252
56.532 3410 58.3952052826257
56.558 4535 67.3424086293325
56.584 6471 80.4425260667515
56.61 9513 97.5346092420532
56.636 13463 116.030168490785
56.662 14077 118.646533872676
56.688 10435 102.151847756171
56.714 7119 84.3741666625514
56.74 6214 78.8289287000654
56.766 7030 83.8450952650183
56.792 8252 90.8405195934061
56.818 8190 90.4986187739901
56.844 6042 77.7303029712351
56.87 4086 63.9218272579876
56.896 3029 55.0363516232681
56.922 2624 51.2249938994628
56.948 2264 47.5815090134813
56.974 2158 46.4542785973477
57 2101 45.8366665454634
57.026 2024 44.988887516808
57.052 1980 44.497190922574
57.078 2043 45.1995575199581
57.104 2033 45.088801270382
57.13 2013 44.8664685483491
57.156 2040 45.1663591625449
57.182 2164 46.518813398452
57.208 2252 47.4552420708187
57.234 2476 49.7594212184989
57.26 2607 51.058789644879
57.286 2760 52.5357021462548
57.312 2948 54.2954878419929
57.338 3242 56.938563381947
57.364 3636 60.2992537267253
57.39 4402 66.3475696615935
57.416 5737 75.7429864739964
57.442 8018 89.5432856220945
57.468 11702 108.175782872138
57.494 17446 132.083307045213
57.52 22600 150.332963783729
57.546 20516 143.234074158351
57.572 14190 119.121786420453
57.598 10155 100.772019926168
57.624 9550 97.7241014284603
57.65 11195 105.806427025961
57.676 13070 114.324100696222
57.702 11779 108.531101533155
57.728 8096 89.9777750336159
57.754 5174 71.9305220334178
57.78 3768 61.3840370128912
57.806 3137 56.0089278597618
57.832 2747 52.4118307255146
57.858 2451 49.5075751779463
57.884 2248 47.4130783645188
57.91 2125 46.0977222864644
57.936 2040 45.1663591625449
57.962 1916 43.7721372564786
57.988 1847 42.9767378938886
58.014 1848 42.9883705204094
58.04 1730 41.5932686861708
58.066 1662 40.767634221279
58.092 1673 40.9023226724351
58.118 1640 40.4969134626332
58.144 1623 40.2864741569674
58.17 1588 39.8497176903426
58.196 1545 39.3064880140671
58.222 1483 38.5097390279394
58.248 1494 38.6522961801754
58.274 1494 38.6522961801754
58.3 1483 38.5097390279394
58.326 1453 38.1182371050918
58.352 1430 37.8153408023781
58.378 1430 37.8153408023781
58.404 1452 38.1051177665153
58.43 1456 38.1575680566778
58.456 1474 38.3927076409049
58.482 1452 38.1051177665153
58.508 1450 38.0788655293195
58.534 1447 38.0394532032205
58.56 1421 37.6961536499415
58.586 1386 37.2290209379726
58.612 1378 37.1214223865412
58.638 1357 36.8374809127877
58.664 1409 37.5366487582469
58.69 1448 38.0525951808809
58.716 1369 37
58.742 1376 37.0944739819828
58.768 1339 36.592348927064
58.794 1406 37.4966665185054
58.82 1404 37.4699879903904
58.846 1414 37.6031913539263
58.872 1383 37.1887079635741
58.898 1441 37.9605057922046
58.924 1408 37.5233260785874
58.95 1372 37.0405183549043
58.976 1440 37.9473319220206
59.002 1452 38.1051177665153
59.028 1399 37.4032084185301
59.054 1354 36.7967389859482
59.08 1397 37.3764631820615
59.106 1402 37.4432904536981
59.132 1390 37.2827037646145
59.158 1357 36.8374809127877
59.184 1392 37.3095162123553
59.21 1365 36.9459064038223
59.236 1318 36.3042697213427
59.262 1316 36.2767142944341
59.288 1423 37.72267222772
59.314 1414 37.6031913539263
59.34 1383 37.1887079635741
59.366 1360 36.8781778291715
59.392 1345 36.6742416417845
59.418 1402 37.4432904536981
59.444 1429 37.8021163428716
59.47 1363 36.9188298839495
59.496 1402 37.4432904536981
59.522 1372 37.0405183549043
59.548 1330 36.4691650576209
59.574 1411 37.5632799419859
59.6 1434 37.868192457523
59.626 1438 37.9209704517171
59.652 1432 37.841775856849
59.678 1476 38.4187454245971
59.704 1601 40.0124980474851
59.73 1738 41.6893271713517
59.756 1895 43.5315977193578
59.782 1864 43.1740662898458
59.808 1663 40.7798970082074
59.834 1587 39.8371685740842
59.86 1522 39.0128184062623
59.886 1546 39.319206502675
59.912 1574 39.6736688497547
59.938 1621 40.2616442783948
59.964 1579 39.7366329726111
59.99 1455 38.1444622455213
60.016 1419 37.6696164036747
60.042 1404 37.4699879903904
60.068 1340 36.6060104354463
60.094 1322 36.3593179253957
60.12 1321 36.3455636907725
60.146 1296 36
60.172 1327 36.428011200174
60.198 1288 35.8887168898527
60.224 1305 36.1247837363769
60.25 1296 36
60.276 1310 36.1939221417077
60.302 1327 36.428011200174
60.328 1330 36.4691650576209
60.354 1325 36.4005494464026
60.38 1326 36.4142829120662
60.406 1331 36.4828726939094
60.432 1328 36.4417343165772
60.458 1278 35.749125863439
60.484 1279 35.7631094844953
60.51 1339 36.592348927064
60.536 1335 36.5376518128902
60.562 1300 36.0555127546399
60.588 1305 36.1247837363769
60.614 1304 36.1109401705356
60.64 1326 36.4142829120662
60.666 1360 36.8781778291715
60.692 1326 36.4142829120662
60.718 1280 35.7770876399966
60.744 1302 36.0832371053374
60.77 1324 36.3868107973205
60.796 1277 35.7351367704113
60.822 1283 35.8189893771446
60.848 1351 36.7559518989782
60.874 1379 37.1348892552543
60.9 1390 37.2827037646145
60.926 1426 37.7624151769984
60.952 1439 37.9341534767813
60.978 1461 38.2230297072328
61.004 1431 37.8285606387555
61.03 1483 38.5097390279394
61.056 1529 39.1024295920343
61.082 1592 39.89987468652
61.108 1766 42.0238027789014
61.134 2007 44.7995535692042
61.16 2203 46.9361268108053
61.186 2034 45.0998891351187
61.212 1887 43.4396132579469
61.238 1978 44.4747119158742
61.264 2210 47.0106370941726
61.29 2697 51.9326486903951
61.316 3192 56.4977875673021
61.342 3232 56.8506816142076
61.368 2564 50.6359556046887
61.394 2103 45.8584779511924
61.42 1861 43.139309220246
61.446 1954 44.2040722106007
61.472 2043 45.1995575199581
61.498 2124 46.0868744872117
61.524 2088 45.6946386351835
61.55 1773 42.1070065428546
61.576 1599 39.9874980462644
61.602 1552 39.3954312071844
61.628 1461 38.2230297072328
61.654 1429 37.8021163428716
61.68 1363 36.9188298839495
61.706 1304 36.1109401705356
61.732 1291 35.9304884464434
61.758 1371 37.0270171631472
61.784 1276 35.7211421989835
61.81 1305 36.1247837363769
61.836 1308 36.1662826400502
61.862 1334 36.5239647354993
61.888 1311 36.2077339804633
61.914 1316 36.2767142944341
61.94 1317 36.2904946232481
61.966 1283 35.8189893771446
61.992 1316 36.2767142944341
62.018 1256 35.4400902933387
62.044 1353 36.783148315499
62.07 1316 36.2767142944341
62.096 1332 36.4965751817893
62.122 1362 36.9052841744919
62.148 1292 35.9444015112229
62.174 1378 37.1214223865412
62.2 1332 36.4965751817893
62.226 1294 35.9722114972099
62.252 1336 36.5513337649941
62.278 1421 37.6961536499415
62.304 1353 36.783148315499
62.33 1376 37.0944739819828
62.356 1360 36.8781778291715
62.382 1312 36.2215405525497
62.408 1351 36.7559518989782
62.434 1453 38.1182371050918
62.46 1406 37.4966665185054
62.486 1487 38.5616389693177
62.512 1462 38.2361085886103
62.538 1535 39.1790760483195
62.564 1564 39.5474398665704
62.59 1572 39.648455203198
62.616 1683 41.024382993532
62.642 1938 44.0227214061103
62.668 2345 48.425200051213
62.694 2910 53.9444158370447
62.72 3950 62.8490254498827
62.746 5583 74.7194753728906
62.772 7093 84.2199501305955
62.798 6845 82.7345151674922
62.824 5078 71.2600870052795
62.85 3651 60.4235053600832
62.876 3183 56.4180822077461
62.902 3396 58.2752091373339
62.928 3938 62.7534859589489
62.954 4314 65.6810474946921
62.98 3893 62.393909959226
63.006 2929 54.1202365109392
63.032 2139 46.2493243193887
63.058 1782 42.2137418384109
63.084 1654 40.6693988153255
63.11 1541 39.255572852781
63.136 1487 38.5616389693177
63.162 1473 38.379682124791
63.188 1438 37.9209704517171
63.214 1396 37.3630833845388
63.24 1360 36.8781778291715
63.266 1338 36.5786823163438
63.292 1345 36.6742416417845
63.318 1329 36.4554522671164
63.344 1317 36.2904946232481
63.37 1351 36.7559518989782
63.396 1333 36.5102725270574
63.422 1310 36.1939221417077
63.448 1304 36.1109401705356
63.474 1302 36.0832371053374
63.5 1330 36.4691650576209
63.526 1307 36.1524549650504
63.552 1303 36.0970912955601
63.578 1334 36.5239647354993
63.604 1324 36.3868107973205
63.63 1318 36.3042697213427
63.656 1307 36.1524549650504
63.682 1342 36.6333181680284
63.708 1376 37.0944739819828
63.734 1398 37.3898381916798
63.76 1413 37.589892258425
63.786 1464 38.262252939418
63.812 1478 38.4447655734822
63.838 1568 39.5979797464467
63.864 1609 40.1123422402632
63.89 1642 40.5215991787096
63.916 1771 42.0832508250016
63.942 2051 45.287967496897
63.968 2409 49.0815647672321
63.994 3060 55.3172667437573
64.02 4352 65.9696900098826
64.046 5809 76.2167960491649
64.072 6612 81.3142054010245
64.098 5808 76.2102355330306
64.124 4236 65.0845603810919
64.15 3311 57.5412895232632
64.176 2976 54.5527267879434
64.202 3254 57.0438427878066
64.228 3881 62.2976725086901
64.254 4094 63.9843730921856
64.28 3563 59.6908703236936
64.306 2694 51.9037570894439
64.332 2113 45.9673797382448
64.358 1814 42.5910788780937
64.384 1649 40.6078810084939
64.41 1532 39.1407715815619
64.436 1539 39.2300904918661
64.462 1433 37.8549864614954
64.488 1398 37.3898381916798
64.514 1366 36.9594372251527
64.54 1309 36.1801050302511
64.566 1314 36.2491379207837
64.592 1285 35.8468966578698
64.618 1261 35.5105618091294
64.644 1252 35.3836120259083
64.67 1252 35.3836120259083
64.696 1311 36.2077339804633
64.722 1213 34.828149534536
64.748 1271 35.6510869399518
64.774 1258 35.4682957019364
64.8 1237 35.1710107901379
64.826 1248 35.3270434653114
64.852 1263 35.5387112878337
64.878 1240 35.213633723318
64.904 1246 35.2987251894456
64.93 1262 35.5246393366632
64.956 1194 34.554305086342
64.982 1257 35.4541958024717
65.008 1225 35
65.034 1219 34.9141805001922
65.06 1252 35.3836120259083
65.086 1203 34.6842903920492
65.112 1149 33.8969025133566
65.138 1168 34.1760149812701
65.164 1185 34.423828956117
65.19 1179 34.3365694267788
65.216 1190 34.4963766213207
65.242 1179 34.3365694267788
65.268 1190 34.4963766213207
65.294 1202 34.6698716467194
65.32 1273 35.6791255498225
65.346 1272 35.665109000254
65.372 1223 34.9714169000914
65.398 1263 35.5387112878337
65.424 1295 35.9861084308932
65.45 1361 36.8917334913934
65.476 1435 37.8813938497516
65.502 1530 39.1152144312159
65.528 1598 39.9749921826134
65.554 1604 40.0499687890016
65.58 1525 39.0512483795333
65.606 1407 37.5099986670221
65.632 1382 37.1752605908822
65.658 1393 37.322915213043
65.684 1420 37.6828873628335
65.71 1427 37.7756535350482
65.736 1428 37.7888872553824
65.762 1437 37.9077828420497
65.788 1374 37.0675059857013
65.814 1314 36.2491379207837
65.84 1303 36.0970912955601
65.866 1304 36.1109401705356
65.892 1292 35.9444015112229
65.918 1279 35.7631094844953
65.944 1282 35.8050275799363
65.97 1274 35.6931365951495
65.996 1296 36
66.022 1331 36.4828726939094
66.048 1339 36.592348927064
66.074 1338 36.5786823163438
66.1 1323 36.3730669589464
66.126 1331 36.4828726939094
66.152 1395 37.3496987939662
66.178 1437 37.9077828420497
66.204 1445 38.0131556174964
66.23 1551 39.3827373350304
66.256 1629 40.3608721412211
66.282 1643 40.5339363990225
66.308 1695 41.1703777004778
66.334 1786 42.2610932182309
66.36 1941 44.0567815438214
66.386 2162 46.4973117502507
66.412 2474 49.7393204617835
66.438 3010 54.8634668973808
66.464 3893 62.393909959226
66.49 5478 74.0135122798533
66.516 7765 88.1192374002408
66.542 9113 95.4620343382645
66.568 7847 88.5832941360841
66.594 5341 73.0821455623739
66.62 3970 63.0079360080935
66.646 3473 58.9321643926303
66.672 3884 62.3217458035315
66.698 4763 69.0144912319145
66.724 5375 73.3143914930759
66.75 4961 70.4343666117613
66.776 3576 59.7996655509042
66.802 2551 50.5074251966976
66.828 2130 46.1519230368573
66.854 1843 42.9301758673314
66.88 1783 42.2255846614348
66.906 1611 40.137264480779
66.932 1548 39.344631145812
66.958 1460 38.2099463490856
66.984 1466 38.2883794381533
67.01 1462 38.2361085886103
67.036 1393 37.322915213043
67.062 1383 37.1887079635741
67.088 1328 36.4417343165772
67.114 1301 36.0693775937429
67.14 1337 36.5650105975644
67.166 1337 36.5650105975644
67.192 1257 35.4541958024717
67.218 1318 36.3042697213427
67.244 1279 35.7631094844953
67.27 1273 35.6791255498225
67.296 1263 35.5387112878337
67.322 1283 35.8189893771446
67.348 1231 35.0856095856977
67.374 1203 34.6842903920492
67.4 1295 35.9861084308932
67.426 1318 36.3042697213427
67.452 1256 35.4400902933387
67.478 1291 35.9304884464434
67.504 1282 35.8050275799363
67.53 1262 35.5246393366632
67.556 1290 35.9165699921359
67.582 1314 36.2491379207837
67.608 1329 36.4554522671164
67.634 1316 36.2767142944341
67.66 1323 36.3730669589464
67.686 1361 36.8917334913934
67.712 1389 37.2692903071684
67.738 1410 37.5499667110372
67.764 1445 38.0131556174964
67.79 1411 37.5632799419859
67.816 1540 39.2428337406972
67.842 1524 39.0384425918863
67.868 1563 39.5347948015416
67.894 1706 41.3037528561268
67.92 1723 41.5090351610345
67.946 1818 42.6380112106557
67.972 1864 43.1740662898458
67.998 1938 44.0227214061103
68.024 2080 45.6070170039655
68.05 2245 47.3814309619285
68.076 2621 51.1957029446808
68.102 3079 55.4887375960203
68.128 3920 62.6099033699941
68.154 5398 73.4710827468876
68.18 7939 89.1010662113535
68.206 11483 107.15876072445
68.232 13442 115.93963946813
68.258 11295 106.27793750351
68.284 7558 86.936758623726
68.31 5429 73.6817480791546
68.336 4815 69.3902010373223
68.362 5196 72.0832851637604
68.388 6346 79.6617850666177
68.414 7495 86.5736680521277
68.44 7273 85.2818855326264
68.466 5543 74.4513263817375
68.492 3800 61.6441400296898
68.518 2850 53.3853912601566
68.544 2398 48.9693781867812
68.57 2145 46.3141447076376
68.596 2035 45.1109742745598
68.622 1990 44.6094160463909
68.648 1968 44.3621460256377
68.674 1941 44.0567815438214
68.7 1953 44.1927595879687
68.726 1995 44.6654228682546
68.752 1981 44.5084261685358
68.778 2079 45.596052460712
68.804 2186 46.7546789102438
68.83 2300 47.9583152331272
68.856 2612 51.1077293567226
68.882 3038 55.1180551180827
68.908 3710 60.9097693313642
68.934 5044 71.0211236182588
68.96 7299 85.4341851953888
68.986 10474 102.342562016006
69.012 13397 115.745410276175
69.038 13853 117.698768047928
69.064 10767 103.764155660806
69.09 7438 86.2438403597614
69.116 5754 75.8551250740515
69.142 5301 72.8079665970696
69.168 5993 77.4144689318476
69.194 7217 84.9529281425896
69.22 8041 89.6716231591689
69.246 7096 84.2377587546108
69.272 5323 72.9588925354545
69.298 3661 60.5061980296234
69.324 2756 52.4976189936268
69.35 2248 47.4130783645188
69.376 2086 45.6727489866769
69.402 1902 43.611924974713
69.428 1848 42.9883705204094
69.454 1765 42.0119030752
69.48 1648 40.5955662603689
69.506 1629 40.3608721412211
69.532 1586 39.8246155034798
69.558 1665 40.8044115262063
69.584 1674 40.9145450909576
69.61 1722 41.4969878424929
69.636 1804 42.4735211631906
69.662 1846 42.9651021178817
69.688 2214 47.0531614240744
69.714 2512 50.1198563445667
69.74 3257 57.0701322935211
69.766 4627 68.0220552468095
69.792 6785 82.3711114408444
69.818 8202 90.5648938607008
69.844 7587 87.1033868457478
69.87 5169 71.8957578720748
69.896 3643 60.3572696532903
69.922 2981 54.5985347788748
69.948 3268 57.1664237118258
69.974 3747 61.2127437712116
70 4544 67.4091981854109
70.026 4768 69.0507060065283
70.052 3927 62.6657801355732
70.078 2933 54.157178656204
70.104 2271 47.6550102297754
70.13 1832 42.8018691180654
70.156 1603 40.0374824383352
70.182 1555 39.4334883062607
70.208 1407 37.5099986670221
70.234 1416 37.6297754444536
70.26 1389 37.2692903071684
70.286 1289 35.9026461420325
70.312 1321 36.3455636907725
70.338 1319 36.3180395946698
70.364 1316 36.2767142944341
70.39 1358 36.8510515453766
70.416 1393 37.322915213043
70.442 1390 37.2827037646145
70.468 1364 36.9323706252388
70.494 1295 35.9861084308932
70.52 1269 35.6230262611138
70.546 1227 35.028559776274
70.572 1199 34.6265793863616
70.598 1208 34.7562943939655
70.624 1243 35.2562051276084
70.65 1246 35.2987251894456
70.676 1211 34.7994252826106
70.702 1178 34.322004603461
70.728 1154 33.9705755029261
70.754 1119 33.4514573673555
70.78 1131 33.6303434416005
70.806 1114 33.3766385365573
70.832 1067 32.6649659421222
70.858 1095 33.0907842155486
70.884 1119 33.4514573673555
70.91 1068 32.6802692767364
70.936 1077 32.8176781628439
70.962 1091 33.0302891298275
70.988 1057 32.5115364140177
71.014 1037 32.2024843762092
71.04 1043 32.2955105239103
71.066 1062 32.5883414736007
71.092 1054 32.4653661614959
71.118 1043 32.2955105239103
71.144 1040 32.2490309931942
71.17 1035 32.1714158842908
71.196 1057 32.5115364140177
71.222 1066 32.649655434629
71.248 1051 32.4191301548947
71.274 1049 32.3882694814033
71.3 1051 32.4191301548947
71.326 1046 32.3419232575925
71.352 1029 32.0780298646909
71.378 1023 31.984371183439
71.404 1040 32.2490309931942
71.43 1019 31.9217793990247
71.456 1016 31.8747549010185
71.482 1046 32.3419232575925
71.508 1070 32.7108544675922
71.534 1048 32.3728281124773
71.56 1034 32.1558703816271
71.586 1010 31.7804971641414
71.612 1077 32.8176781628439
71.638 1042 32.2800247831379
71.664 1024 32
71.69 1022 31.9687347262916
71.716 1051 32.4191301548947
71.742 1025 32.0156211871642
71.768 1024 32
71.794 1013 31.8276609256791
71.82 1026 32.0312347560939
71.846 980 31.3049516849971
71.872 1024 32
71.898 1024 32
71.924 1027 32.0468407179241
71.95 1023 31.984371183439
71.976 1029 32.0780298646909
72.002 1017 31.8904374382039
72.028 1006 31.7175030543074
72.054 1052 32.4345494804537
72.08 1059 32.542280190546
72.106 1048 32.3728281124773
72.132 1046 32.3419232575925
72.158 1063 32.6036807738022
72.184 1034 32.1558703816271
72.21 1088 32.9848450049413
72.236 1052 32.4345494804537
72.262 1098 33.1360830515618
72.288 1031 32.1091887160046
72.314 1144 33.8230690505755
72.34 1162 34.0881210981186
72.366 1273 35.6791255498225
72.392 1435 37.8813938497516
72.418 1712 41.3763217311544
72.444 1825 42.7200187265877
72.47 1600 40
72.496 1454 38.1313519298752
72.522 1274 35.6931365951495
72.548 1225 35
72.574 1180 34.3511280746353
72.6 1274 35.6931365951495
72.626 1343 36.6469644036174
72.652 1396 37.3630833845388
72.678 1264 35.5527776692624
72.704 1234 35.1283361405006
72.73 1126 33.555923471125
72.756 1062 32.5883414736007
72.782 1053 32.4499614791759
72.808 999 31.6069612585582
72.834 1082 32.8937684067971
72.86 1025 32.0156211871642
72.886 1081 32.8785644455472
72.912 1044 32.310988842807
72.938 1012 31.8119474411737
72.964 1037 32.2024843762092
72.99 1068 32.6802692767364
73.016 1050 32.4037034920393
73.042 1041 32.2645316098034
73.068 1017 31.8904374382039
73.094 1082 32.8937684067971
73.12 1035 32.1714158842908
73.146 971 31.1608729017658
73.172 1025 32.0156211871642
73.198 1043 32.2955105239103
73.224 1017 31.8904374382039
73.25 1064 32.6190128606002
73.276 1051 32.4191301548947
73.302 1006 31.7175030543074
73.328 1049 32.3882694814033
73.354 1027 32.0468407179241
73.38 992 31.4960314960472
73.406 960 30.9838667696593
73.432 992 31.4960314960472
73.458 1054 32.4653661614959
73.484 1023 31.984371183439
73.51 997 31.5753068076939
73.536 1018 31.9061122670876
73.562 994 31.5277655408689
73.588 979 31.288975694324
73.614 1002 31.6543835826888
73.64 989 31.4483703870328
73.666 997 31.5753068076939
73.692 1017 31.8904374382039
73.718 1010 31.7804971641414
73.744 1018 31.9061122670876
73.77 1031 32.1091887160046
73.796 1024 32
73.822 1029 32.0780298646909
73.848 1044 32.310988842807
73.874 1021 31.9530906173409
73.9 1000 31.6227766016838
73.926 1021 31.9530906173409
73.952 1029 32.0780298646909
73.978 1010 31.7804971641414
74.004 1005 31.7017349682947
74.03 985 31.3847096529504
74.056 979 31.288975694324
74.082 971 31.1608729017658
74.108 990 31.4642654451045
74.134 1021 31.9530906173409
74.16 1012 31.8119474411737
74.186 1032 32.124756808418
74.212 1064 32.6190128606002
74.238 1077 32.8176781628439
74.264 1102 33.1963853453957
74.29 1231 35.0856095856977
74.316 1331 36.4828726939094
74.342 1374 37.0675059857013
74.368 1286 35.8608421540822
74.394 1247 35.3128871660192
74.42 1197 34.5976877840124
74.446 1166 34.1467421579277
74.472 1143 33.8082830087539
74.498 1149 33.8969025133566
74.524 1157 34.0147027033899
74.55 1182 34.3802268753422
74.576 1115 33.391615714128
74.602 1100 33.166247903554
74.628 1070 32.7108544675922
74.654 1082 32.8937684067971
74.68 1077 32.8176781628439
74.706 1026 32.0312347560939
74.732 1057 32.5115364140177
74.758 1046 32.3419232575925
74.784 978 31.2729915422238
74.81 992 31.4960314960472
74.836 967 31.0966236109324
74.862 944 30.7245829914744
74.888 955 30.9030742807249
74.914 979 31.288975694324
74.94 995 31.543620591175
74.966 1002 31.6543835826888
74.992 997 31.5753068076939
75.018 1008 31.7490157327751
75.044 1052 32.4345494804537
75.07 1007 31.7332633052449
75.096 1079 32.8481354113137
75.122 1023 31.984371183439
75.148 1004 31.6859590355097
75.174 1023 31.984371183439
75.2 965 31.0644491340181
75.226 952 30.854497241083
75.252 993 31.5119025131775
75.278 1027 32.0468407179241
75.304 1017 31.8904374382039
75.33 1018 31.9061122670876
75.356 1020 31.9374388453426
75.382 1028 32.0624390837628
75.408 1003 31.6701752442262
75.434 1046 32.3419232575925
75.46 986 31.4006369362152
75.486 1062 32.5883414736007
75.512 990 31.4642654451045
75.538 961 31
75.564 952 30.854497241083
75.59 953 30.8706980808663
75.616 994 31.5277655408689
75.642 947 30.7733651068582
75.668 998 31.5911379978626
75.694 1000 31.6227766016838
75.72 972 31.1769145362398
75.746 981 31.3209195267317
75.772 970 31.1448230047949
75.798 973 31.1929479209644
75.824 928 30.4630924234556
75.85 960 30.9838667696593
75.876 991 31.4801524773944
75.902 979 31.288975694324
75.928 962 31.0161248385416
75.954 945 30.7408522978788
75.98 970 31.1448230047949
76.006 1006 31.7175030543074
76.032 992 31.4960314960472
76.058 996 31.559467676119
76.084 1024 32
76.11 1035 32.1714158842908
76.136 1034 32.1558703816271
76.162 1047 32.3573793747269
76.188 1037 32.2024843762092
76.214 1015 31.859064644148
76.24 1053 32.4499614791759
76.266 1069 32.6955654485436
76.292 1035 32.1714158842908
76.318 1053 32.4499614791759
76.344 1111 33.3316666249979
76.37 1161 34.0734500748016
76.396 1194 34.554305086342
76.422 1265 35.5668384875575
76.448 1357 36.8374809127877
76.474 1483 38.5097390279394
76.5 1824 42.7083130081252
76.526 2280 47.7493455452533
76.552 2538 50.37856687124
76.578 2418 49.173163412577
76.604 2019 44.9332838773219
76.63 1730 41.5932686861708
76.656 1615 40.1870625948202
76.682 1557 39.4588393138977
76.708 1673 40.9023226724351
76.734 1938 44.0227214061103
76.76 2246 47.3919824442911
76.786 2542 50.4182506638221
76.812 2742 52.3641098463442
76.838 3078 55.4797260267208
76.864 3798 61.6279157525224
76.89 4445 66.6708332031331
76.916 4277 65.3987767469698
76.942 3271 57.1926568713152
76.968 2402 49.0102030193714
76.994 2111 45.9456200306406
77.02 1988 44.5869936192159
77.046 2099 45.8148447558212
77.072 2322 48.187135212627
77.098 2674 51.7107338953916
77.124 3019 54.9454274712646
77.15 2833 53.2259335286851
77.176 2576 50.7543101617981
77.202 2547 50.4678115237822
77.228 2791 52.8299157674892
77.254 2945 54.2678542048605
77.28 2737 52.3163454381133
77.306 2095 45.7711699653832
77.332 1782 42.2137418384109
77.358 1534 39.1663120551323
77.384 1485 38.5356977359954
77.41 1514 38.9101529166874
77.436 1605 40.0624512480203
77.462 1807 42.5088226136646
77.488 1899 43.5775171390018
77.514 1730 41.5932686861708
77.54 1496 38.6781592116274
77.566 1220 34.928498393146
77.592 1198 34.6121365997536
77.618 1221 34.9428104193123
77.644 1127 33.570820663189
77.67 1018 31.9061122670876
77.696 1052 32.4345494804537
77.722 1033 32.1403173599764
77.748 1035 32.1714158842908
77.774 985 31.3847096529504
77.8 1021 31.9530906173409
77.826 1052 32.4345494804537
77.852 981 31.3209195267317
77.878 949 30.8058436014987
77.904 1000 31.6227766016838
77.93 993 31.5119025131775
77.956 1007 31.7332633052449
77.982 943 30.7083050655682
78.008 999 31.6069612585582
78.034 953 30.8706980808663
78.06 964 31.04834939252
78.086 954 30.886890422961
78.112 941 30.6757233003559
78.138 963 31.0322412983658
78.164 943 30.7083050655682
78.19 912 30.199337741083
78.216 947 30.7733651068582
78.242 919 30.3150127824482
78.268 977 31.2569992161756
78.294 921 30.347981810987
78.32 885 29.748949561287
78.346 874 29.563490998189
78.372 922 30.364452901378
78.398 972 31.1769145362398
78.424 934 30.5614135798723
78.45 947 30.7733651068582
78.476 935 30.5777697028413
78.502 924 30.3973683071413
78.528 932 30.5286750449475
78.554 930 30.4959013639538
78.58 945 30.7408522978788
78.606 920 30.3315017762062
78.632 935 30.5777697028413
78.658 950 30.8220700148449
78.684 962 31.0161248385416
78.71 960 30.9838667696593
78.736 916 30.2654919008431
78.762 912 30.199337741083
78.788 962 31.0161248385416
78.814 932 30.5286750449475
78.84 901 30.0166620396073
78.866 912 30.199337741083
78.892 928 30.4630924234556
78.918 906 30.0998338865848
78.944 904 30.0665927567458
78.97 951 30.8382878902185
78.996 933 30.5450486986025
79.022 930 30.4959013639538
79.048 949 30.8058436014987
79.074 951 30.8382878902185
79.1 933 30.5450486986025
79.126 929 30.4795013082563
79.152 955 30.9030742807249
79.178 900 30
79.204 889 29.8161030317511
79.23 908 30.1330383466387
79.256 928 30.4630924234556
79.282 927 30.4466746952767
79.308 925 30.4138126514911
79.334 921 30.347981810987
79.36 972 31.1769145362398
79.386 978 31.2729915422238
79.412 981 31.3209195267317
79.438 943 30.7083050655682
79.464 917 30.2820078594534
79.49 945 30.7408522978788
79.516 964 31.04834939252
79.542 953 30.8706980808663
79.568 949 30.8058436014987
79.594 965 31.0644491340181
79.62 963 31.0322412983658
79.646 952 30.854497241083
79.672 965 31.0644491340181
79.698 1042 32.2800247831379
79.724 1112 33.3466640010661
79.75 1145 33.8378486313773
79.776 1209 34.7706773014274
79.802 1352 36.7695526217005
79.828 1598 39.9749921826134
79.854 1633 40.4103947023535
79.88 1497 38.6910842443062
79.906 1285 35.8468966578698
79.932 1166 34.1467421579277
79.958 1030 32.0936130717624
79.984 1059 32.542280190546
80.01 1133 33.6600653594137
80.036 1172 34.2344855372474
80.062 1330 36.4691650576209
80.088 1286 35.8608421540822
80.114 1250 35.3553390593274
80.14 1165 34.132096331752
80.166 1006 31.7175030543074
80.192 973 31.1929479209644
80.218 944 30.7245829914744
80.244 1008 31.7490157327751
80.27 958 30.9515750810843
80.296 981 31.3209195267317
80.322 1001 31.6385840391128
80.348 987 31.41655614481
80.374 1001 31.6385840391128
80.4 1090 33.0151480384384
80.426 1056 32.4961536185438
80.452 1115 33.391615714128
80.478 1054 32.4653661614959
80.504 1117 33.4215499341368
80.53 1107 33.2716095192282
80.556 1095 33.0907842155486
80.582 1202 34.6698716467194
80.608 1252 35.3836120259083
80.634 1384 37.2021504754766
80.66 1579 39.7366329726111
80.686 1963 44.3057558337514
80.712 2285 47.8016736108685
80.738 2063 45.4202597967031
80.764 1696 41.182520563948
80.79 1461 38.2230297072328
80.816 1309 36.1801050302511
80.842 1198 34.6121365997536
80.868 1263 35.5387112878337
80.894 1293 35.9583091927304
80.92 1387 37.2424488990721
80.946 1551 39.3827373350304
80.972 1537 39.2045915678253
80.998 1388 37.2558720203943
81.024 1241 35.2278299076171
81.05 1146 33.8526217596215
81.076 1050 32.4037034920393
81.102 967 31.0966236109324
81.128 935 30.5777697028413
81.154 928 30.4630924234556
81.18 937 30.6104557300279
81.206 912 30.199337741083
81.232 910 30.1662062579967
81.258 954 30.886890422961
81.284 947 30.7733651068582
81.31 875 29.5803989154981
81.336 866 29.4278779391243
81.362 883 29.7153159162073
81.388 886 29.7657521322744
81.414 906 30.0998338865848
81.44 921 30.347981810987
81.466 934 30.5614135798723
81.492 926 30.4302481094059
81.518 938 30.6267856622271
81.544 922 30.364452901378
81.57 863 29.3768616431368
81.596 885 29.748949561287
81.622 916 30.2654919008431
81.648 889 29.8161030317511
81.674 885 29.748949561287
81.7 898 29.9666481275434
81.726 888 29.7993288515027
81.752 907 30.1164406927512
81.778 931 30.5122926047847
81.804 912 30.199337741083
81.83 926 30.4302481094059
81.856 952 30.854497241083
81.882 928 30.4630924234556
81.908 929 30.4795013082563
81.934 973 31.1929479209644
81.96 967 31.0966236109324
81.986 959 30.967725134404
82.012 929 30.4795013082563
82.038 980 31.3049516849971
82.064 1038 32.218007387174
82.09 1035 32.1714158842908
82.116 1001 31.6385840391128
82.142 1094 33.0756708170825
82.168 1130 33.6154726279432
82.194 1199 34.6265793863616
82.22 1331 36.4828726939094
82.246 1515 38.9230009120571
82.272 1848 42.9883705204094
82.298 2376 48.7442304278158
82.324 3006 54.8270006474912
82.35 3459 58.8132638101305
82.376 3332 57.7234787586472
82.402 2605 51.0392006206994
82.428 1984 44.5421149026402
82.454 1617 40.2119385257662
82.48 1472 38.3666521865018
82.506 1558 39.4715087119811
82.532 1581 39.7617907041421
82.558 1919 43.806392227619
82.584 2131 46.1627555503352
82.61 2304 48
82.636 2047 45.2437841034545
82.662 1651 40.6324993078201
82.688 1477 38.4317577011513
82.714 1261 35.5105618091294
82.74 1173 34.2490875790874
82.766 1078 32.832910318764
82.792 1030 32.0936130717624
82.818 1022 31.9687347262916
82.844 975 31.224989991992
82.87 991 31.4801524773944
82.896 969 31.1287648325468
82.922 989 31.4483703870328
82.948 936 30.5941170815567
82.974 925 30.4138126514911
83 905 30.0832179129826
83.026 913 30.2158898594763
83.052 971 31.1608729017658
83.078 975 31.224989991992
83.104 951 30.8382878902185
83.13 937 30.6104557300279
83.156 947 30.7733651068582
83.182 1007 31.7332633052449
83.208 1035 32.1714158842908
83.234 1083 32.9089653438087
83.26 1115 33.391615714128
83.286 957 30.935416596516
83.312 952 30.854497241083
83.338 943 30.7083050655682
83.364 911 30.1827765455731
83.39 928 30.4630924234556
83.416 951 30.8382878902185
83.442 964 31.04834939252
83.468 1011 31.7962261911693
83.494 1011 31.7962261911693
83.52 1020 31.9374388453426
83.546 974 31.2089730686545
83.572 963 31.0322412983658
83.598 917 30.2820078594534
83.624 911 30.1827765455731
83.65 904 30.0665927567458
83.676 932 30.5286750449475
83.702 941 30.6757233003559
83.728 927 30.4466746952767
83.754 949 30.8058436014987
83.78 949 30.8058436014987
83.806 945 30.7408522978788
83.832 924 30.3973683071413
83.858 977 31.2569992161756
83.884 986 31.4006369362152
83.91 1007 31.7332633052449
83.936 992 31.4960314960472
83.962 957 30.935416596516
83.988 1002 31.6543835826888
84.014 1041 32.2645316098034
84.04 1055 32.4807635378234
84.066 1099 33.1511689085016
84.092 1170 34.2052627529741
84.118 1254 35.4118624192515
84.144 1356 36.8239052790439
84.17 1535 39.1790760483195
84.196 1764 42
84.222 2100 45.8257569495584
84.248 2509 50.0899191454728
84.274 2716 52.1152568831815
84.3 2622 51.2054684579684
84.326 2460 49.598387070549
84.352 2428 49.2747399790197
84.378 2308 48.0416485978573
84.404 2042 45.18849411078
84.43 1832 42.8018691180654
84.456 1741 41.7252920900501
84.482 1779 42.1781934179263
84.508 1843 42.9301758673314
84.534 1897 43.5545634807651
84.56 1846 42.9651021178817
84.586 1721 41.4849370253831
84.612 1651 40.6324993078201
84.638 1582 39.7743636027027
84.664 1441 37.9605057922046
84.69 1278 35.749125863439
84.716 1160 34.0587727318528
84.742 1103 33.2114438108312
84.768 1051 32.4191301548947
84.794 982 31.3368792319848
84.82 954 30.886890422961
84.846 935 30.5777697028413
84.872 948 30.7896086366813
84.898 899 29.9833287011299
84.924 925 30.4138126514911
84.95 868 29.4618397253125
84.976 888 29.7993288515027
85.002 893 29.8831055949679
85.028 904 30.0665927567458
85.054 909 30.1496268633627
85.08 916 30.2654919008431
85.106 933 30.5450486986025
85.132 916 30.2654919008431
85.158 930 30.4959013639538
85.184 906 30.0998338865848
85.21 899 29.9833287011299
85.236 889 29.8161030317511
85.262 910 30.1662062579967
85.288 864 29.3938769133981
85.314 899 29.9833287011299
85.34 975 31.224989991992
85.366 908 30.1330383466387
85.392 877 29.6141857899217
85.418 938 30.6267856622271
85.444 849 29.1376045686669
85.47 889 29.8161030317511
85.496 848 29.1204395571221
85.522 915 30.2489669245083
85.548 842 29.0172362570938
85.574 857 29.2745623366089
85.6 825 28.7228132326901
85.626 851 29.1719042916296
85.652 883 29.7153159162073
85.678 884 29.732137494637
85.704 900 30
85.73 886 29.7657521322744
85.756 911 30.1827765455731
85.782 858 29.2916370317536
85.808 847 29.1032644217105
85.834 883 29.7153159162073
85.86 943 30.7083050655682
85.886 928 30.4630924234556
85.912 913 30.2158898594763
85.938 855 29.2403830344269
85.964 909 30.1496268633627
85.99 912 30.199337741083
86.016 865 29.4108823397055
86.042 871 29.5127091267474
86.068 893 29.8831055949679
86.094 902 30.0333148353624
86.12 954 30.886890422961
86.146 927 30.4466746952767
86.172 915 30.2489669245083
86.198 971 31.1608729017658
86.224 1013 31.8276609256791
86.25 1052 32.4345494804537
86.276 1136 33.7045990927054
86.302 1234 35.1283361405006
86.328 1431 37.8285606387555
86.354 1608 40.0998753115268
86.38 1668 40.8411557133243
86.406 1565 39.560080889705
86.432 1408 37.5233260785874
86.458 1387 37.2424488990721
86.484 1411 37.5632799419859
86.51 1446 38.0263066836631
86.536 1463 38.2491829978106
86.562 1386 37.2290209379726
86.588 1360 36.8781778291715
86.614 1359 36.8646171823335
86.64 1339 36.592348927064
86.666 1275 35.7071421427142
86.692 1215 34.8568501158667
86.718 1142 33.7934904974316
86.744 1132 33.6452076825214
86.77 1171 34.2198772645373
86.796 1189 34.4818792991333
86.822 1154 33.9705755029261
86.848 1072 32.7414110874898
86.874 1016 31.8747549010185
86.9 939 30.6431068920891
86.926 910 30.1662062579967
86.952 920 30.3315017762062
86.978 904 30.0665927567458
87.004 919 30.3150127824482
87.03 920 30.3315017762062
87.056 896 29.9332590941915
87.082 882 29.698484809835
87.108 888 29.7993288515027
87.134 866 29.4278779391243
87.16 858 29.2916370317536
87.186 856 29.2574776766556
87.212 915 30.2489669245083
87.238 920 30.3315017762062
87.264 957 30.935416596516
87.29 962 31.0161248385416
87.316 953 30.8706980808663
87.342 966 31.0805405358401
87.368 970 31.1448230047949
87.394 1016 31.8747549010185
87.42 1115 33.391615714128
87.446 1220 34.928498393146
87.472 1336 36.5513337649941
87.498 1399 37.4032084185301
87.524 1344 36.6606055596467
87.55 1202 34.6698716467194
87.576 1080 32.86335345031
87.602 1034 32.1558703816271
87.628 1009 31.7647603485372
87.654 965 31.0644491340181
87.68 1004 31.6859590355097
87.706 1032 32.124756808418
87.732 1115 33.391615714128
87.758 1210 34.7850542618522
87.784 1115 33.391615714128
87.81 1083 32.9089653438087
87.836 1019 31.9217793990247
87.862 954 30.886890422961
87.888 906 30.0998338865848
87.914 917 30.2820078594534
87.94 865 29.4108823397055
87.966 840 28.9827534923789
87.992 846 29.086079144498
88.018 839 28.9654967159205
88.044 893 29.8831055949679
88.07 816 28.5657137141714
88.096 872 29.5296461204668
88.122 866 29.4278779391243
88.148 828 28.7749891398763
88.174 896 29.9332590941915
88.2 845 29.0688837074973
88.226 934 30.5614135798723
88.252 865 29.4108823397055
88.278 916 30.2654919008431
88.304 919 30.3150127824482
88.33 889 29.8161030317511
88.356 890 29.8328677803526
88.382 860 29.3257565972304
88.408 861 29.3428015022424
88.434 873 29.5465734053883
88.46 877 29.6141857899217
88.486 850 29.1547594742265
88.512 891 29.8496231131986
88.538 941 30.6757233003559
88.564 886 29.7657521322744
88.59 908 30.1330383466387
88.616 900 30
88.642 926 30.4302481094059
88.668 952 30.854497241083
88.694 983 31.3528308131818
88.72 951 30.8382878902185
88.746 962 31.0161248385416
88.772 990 31.4642654451045
88.798 1030 32.0936130717624
88.824 1043 32.2955105239103
88.85 1098 33.1360830515618
88.876 1113 33.3616546352246
88.902 1233 35.1140997321589
88.928 1429 37.8021163428716
88.954 1588 39.8497176903426
88.98 1857 43.0929228528305
89.006 2182 46.7118828565066
89.032 2234 47.2652091923859
89.058 1899 43.5775171390018
89.084 1598 39.9749921826134
89.11 1419 37.6696164036747
89.136 1290 35.9165699921359
89.162 1207 34.7419055320804
89.188 1227 35.028559776274
89.214 1338 36.5786823163438
89.24 1459 38.1968585095686
89.266 1563 39.5347948015416
89.292 1699 41.2189276910499
89.318 1767 42.0356991139674
89.344 1691 41.1217703899042
89.37 1589 39.8622628559895
89.396 1560 39.496835316263
89.422 1648 40.5955662603689
89.448 1897 43.5545634807651
89.474 2281 47.7598157450382
89.5 2954 54.3507129668048
89.526 3960 62.9285308902091
89.552 4858 69.6993543729065
89.578 4981 70.5761999543756
89.604 4089 63.9452891149927
89.63 2932 54.1479454827235
89.656 2245 47.3814309619285
89.682 1923 43.8520238985614
89.708 1737 41.6773319683494
89.734 1765 42.0119030752
89.76 1893 43.5086198356142
89.786 2157 46.4435140789325
89.812 2621 51.1957029446808
89.838 2962 54.4242592967511
89.864 2907 53.9166022668343
89.89 2427 49.2645917470144
89.916 1948 44.1361529814278
89.942 1572 39.648455203198
89.968 1269 35.6230262611138
