5	10
5.02	10
5.04	10
5.06	10
5.08	10
5.1	10
5.12	10
5.14	10
5.16	10
5.18	10
5.2	10
5.22	10
5.24	10
5.26	10
5.28	10
5.3	10
5.32	10
5.34	10
5.36	10
5.38	10
5.4	10
5.42	10
5.44	10
5.46	10
5.48	10
5.5	10
5.52	10
5.54	10
5.56	10
5.58	10
5.6	10
5.62	10
5.64	10
5.66	10
5.68	10
5.7	10
5.72	10
5.74	10
5.76	10
5.78	10
5.8	10
5.82	10
5.84	10
5.86	10
5.88	10
5.9	10
5.92	10
5.94	10
5.96	10
5.98	10
6	10
6.02	10
6.04	10
6.06	10
6.08	10
6.1	10
6.12	10
6.14	10
6.16	10
6.18	10
6.2	10
6.22	10
6.24	10
6.26	10
6.28	10
6.3	10
6.32	10
6.34	10
6.36	10
6.38	10
6.4	10
6.42	10
6.44	10
6.46	10
6.48	10
6.5	10
6.52	10
6.54	10
6.56	10
6.58	10
6.6	10
6.62	10
6.64	10
6.66	10
6.68	10
6.7	10
6.72	10
6.74	10
6.76	10
6.78	10
6.8	10
6.82	10
6.84	10
6.86	10
6.88	10
6.9	10
6.92	10
6.94	10
6.96	10
6.98	10
7	10
7.02	10
7.04	10
7.06	10
7.08	10
7.1	10
7.12	10
7.14	10
7.16	10
7.18	10
7.2	10
7.22	10
7.24	10
7.26	10
7.28	10
7.3	10
7.32	10
7.34	10
7.36	10
7.38	10
7.4	10
7.42	10
7.44	10
7.46	10
7.48	10
7.5	10
7.52	10
7.54	10
7.56	10
7.58	10
7.6	10
7.62	10
7.64	10
7.66	10
7.68	10
7.7	10
7.72	10
7.74	10
7.76	10
7.78	10
7.8	10
7.82	10
7.84	10
7.86	10
7.88	10
7.9	10
7.92	10
7.94	10
7.96	10
7.98	10
8	10
8.02	10
8.04	10
8.06	10
8.08	10
8.1	10
8.12	10
8.14	10
8.16	10
8.18	10
8.2	10
8.22	10
8.24	10
8.26	10
8.28	10
8.3	10
8.32	10
8.34	10
8.36	10
8.38	10
8.4	10
8.42	10
8.44	10
8.46	10
8.48	10
8.5	10
8.52	10
8.54	10
8.56	10
8.58	10
8.6	10
8.62	10
8.64	10
8.66	10
8.68	10
8.7	10
8.72	10
8.74	10
8.76	10
8.78	10
8.8	10
8.82	10
8.84	10
8.86	10
8.88	10
8.9	10
8.92	10
8.94	10
8.96	10
8.98	10
9	10
9.02	10
9.04	10
9.06	10
9.08	10
9.1	10
9.12	10
9.14	10
9.16	10
9.18	10
9.2	10
9.22	10
9.24	10
9.26	10
9.28	10
9.3	10
9.32	10
9.34	10
9.36	10
9.38	10
9.4	10
9.42	10
9.44	10
9.46	10
9.48	10
9.5	10
9.52	10
9.54	10
9.56	10
9.58	10
9.6	10
9.62	10
9.64	10
9.66	10
9.68	10
9.7	10
9.72	10
9.74	10
9.76	10
9.78	10
9.8	10
9.82	10
9.84	10
9.86	10
9.88	10
9.9	10
9.92	10
9.94	10
9.96	10
9.98	10
10	10
10.02	10
10.04	10
10.06	10
10.08	10
10.1	10
10.12	10
10.14	10
10.16	10
10.18	10
10.2	10
10.22	10
10.24	10
10.26	10
10.28	10
10.3	10
10.32	10
10.34	10
10.36	10
10.38	10
10.4	10
10.42	10
10.44	10
10.46	10
10.48	10
10.5	10
10.52	10
10.54	10
10.56	10
10.58	10
10.6	10
10.62	10
10.64	10
10.66	10
10.68	10
10.7	10
10.72	10
10.74	10
10.76	10
10.78	10
10.8	10
10.82	10
10.84	10
10.86	10
10.88	10
10.9	10
10.92	10
10.94	10
10.96	10
10.98	10
11	10
11.02	10
11.04	10
11.06	10
11.08	10
11.1	10
11.12	10
11.14	10
11.16	10
11.18	10
11.2	10
11.22	10
11.24	10
11.26	10
11.28	10
11.3	10
11.32	10
11.34	10
11.36	10
11.38	10
11.4	10
11.42	10
11.44	10
11.46	10
11.48	10
11.5	10
11.52	10
11.54	10
11.56	10
11.58	10
11.6	10
11.62	10
11.64	10
11.66	10
11.68	10
11.7	10
11.72	10
11.74	10
11.76	10
11.78	10
11.8	10
11.82	10
11.84	10
11.86	10
11.88	10
11.9	10
11.92	10
11.94	10
11.96	10
11.98	10
12	10
12.02	10
12.04	10
12.06	10
12.08	10
12.1	10
12.12	10
12.14	10
12.16	10
12.18	10
12.2	10
12.22	10
12.24	10
12.26	10
12.28	10
12.3	10
12.32	10
12.34	10
12.36	10
12.38	10
12.4	10
12.42	10
12.44	10
12.46	10
12.48	10
12.5	10
12.52	10
12.54	10
12.56	10
12.58	10
12.6	10
12.62	10
12.64	10
12.66	10
12.68	10
12.7	10
12.72	10
12.74	10
12.76	10
12.78	10
12.8	10
12.82	10
12.84	10
12.86	10
12.88	10
12.9	10
12.92	10
12.94	10
12.96	10
12.98	10
13	10
13.02	10
13.04	10
13.06	10
13.08	10
13.1	10
13.12	10
13.14	10
13.16	10
13.18	10
13.2	10
13.22	10
13.24	10
13.26	10
13.28	10
13.3	10
13.32	10
13.34	10
13.36	10
13.38	10
13.4	10
13.42	10
13.44	10
13.46	10
13.48	10
13.5	10
13.52	10
13.54	10
13.56	10
13.58	10
13.6	10
13.62	10
13.64	10
13.66	10
13.68	10
13.7	10
13.72	10
13.74	10
13.76	10
13.78	10
13.8	10
13.82	10
13.84	10
13.86	10
13.88	10
13.9	10
13.92	10
13.94	10
13.96	10
13.98	10
14	10
14.02	10
14.04	10
14.06	10
14.08	10
14.1	10
14.12	10
14.14	10
14.16	10
14.18	10
14.2	10
14.22	10
14.24	10
14.26	10
14.28	10
14.3	10
14.32	10
14.34	10
14.36	10
14.38	10
14.4	10
14.42	10
14.44	10
14.46	10
14.48	10
14.5	10
14.52	10
14.54	10
14.56	10
14.58	10
14.6	10
14.62	10
14.64	10
14.66	10
14.68	10
14.7	10
14.72	10
14.74	10
14.76	10
14.78	10
14.8	10
14.82	10
14.84	10
14.86	10
14.88	10
14.9	10
14.92	10
14.94	10
14.96	10
14.98	10
15	10
15.02	10
15.04	10
15.06	10
15.08	10
15.1	10
15.12	10
15.14	10
15.16	10
15.18	10
15.2	10
15.22	10
15.24	10
15.26	10
15.28	10
15.3	10
15.32	10
15.34	10
15.36	10
15.38	10
15.4	10
15.42	10
15.44	10
15.46	10
15.48	10
15.5	10
15.52	10
15.54	10
15.56	10
15.58	10
15.6	10
15.62	10
15.64	10
15.66	10
15.68	10
15.7	10
15.72	10
15.74	10
15.76	10
15.78	10
15.8	10
15.82	10
15.84	10
15.86	10
15.88	10
15.9	10
15.92	10
15.94	10
15.96	10
15.98	10
16	10
16.02	10
16.04	10
16.06	10
16.08	10
16.1	10
16.12	10
16.14	10
16.16	10
16.18	10
16.2	10
16.22	10
16.24	10
16.26	10
16.28	10
16.3	10
16.32	10
16.34	10
16.36	10
16.38	10
16.4	10
16.42	10
16.44	10
16.46	10
16.48	10
16.5	10
16.52	10
16.54	10
16.56	10
16.58	10
16.6	10
16.62	10
16.64	10
16.66	10
16.68	10
16.7	10
16.72	10
16.74	10
16.76	10
16.78	10
16.8	10
16.82	10
16.84	10
16.86	10
16.88	10
16.9	10
16.92	10
16.94	10
16.96	10
16.98	10
17	10
17.02	10
17.04	10
17.06	10
17.08	10
17.1	10
17.12	10
17.14	10
17.16	10
17.18	10
17.2	10
17.22	10
17.24	10
17.26	10
17.28	10
17.3	10
17.32	10
17.34	10
17.36	10
17.38	10
17.4	10
17.42	10
17.44	10
17.46	10
17.48	10
17.5	10
17.52	10
17.54	10
17.56	10
17.58	10
17.6	10
17.62	10
17.64	10
17.66	10
17.68	10
17.7	10
17.72	10
17.74	10
17.76	10
17.78	10
17.8	10
17.82	10
17.84	10
17.86	10
17.88	10
17.9	10
17.92	10
17.94	10
17.96	10
17.98	10
18	10
18.02	10
18.04	10
18.06	10
18.08	10
18.1	10
18.12	10
18.14	10
18.16	10
18.18	10
18.2	10
18.22	10
18.24	10
18.26	10
18.28	10
18.3	10
18.32	10
18.34	10
18.36	10
18.38	10
18.4	10
18.42	10
18.44	10
18.46	10
18.48	10
18.5	10
18.52	10
18.54	10
18.56	10
18.58	10
18.6	10
18.62	10
18.64	10
18.66	10
18.68	10
18.7	10
18.72	10
18.74	10
18.76	10
18.78	10
18.8	10
18.82	10
18.84	10
18.86	10
18.88	10
18.9	10
18.92	10
18.94	10
18.96	10
18.98	10
19	10
19.02	10
19.04	10
19.06	10
19.08	10
19.1	10
19.12	10
19.14	10
19.16	10
19.18	10
19.2	10
19.22	10
19.24	10
19.26	10
19.28	10
19.3	10
19.32	10
19.34	10
19.36	10
19.38	10
19.4	10
19.42	10
19.44	10
19.46	10
19.48	10
19.5	10
19.52	10
19.54	10
19.56	10
19.58	10
19.6	10
19.62	10
19.64	10
19.66	10
19.68	10
19.7	10
19.72	10
19.74	10
19.76	10
19.78	10
19.8	10
19.82	10
19.84	10
19.86	10
19.88	10
19.9	10
19.92	10
19.94	10
19.96	10
19.98	10
20	10
20.02	10
20.04	10
20.06	10
20.08	10
20.1	10
20.12	10
20.14	10
20.16	10
20.18	10
20.2	10
20.22	10
20.24	10
20.26	10
20.28	10
20.3	10
20.32	10
20.34	10
20.36	10
20.38	10
20.4	10
20.42	10
20.44	10
20.46	10
20.48	10
20.5	10
20.52	10
20.54	10
20.56	10
20.58	10
20.6	10
20.62	10
20.64	10
20.66	10
20.68	10
20.7	10
20.72	10
20.74	10
20.76	10
20.78	10
20.8	10
20.82	10
20.84	10
20.86	10
20.88	10
20.9	10
20.92	10
20.94	10
20.96	10
20.98	10
21	10
21.02	10
21.04	10
21.06	10
21.08	10
21.1	10
21.12	10
21.14	10
21.16	10
21.18	10
21.2	10
21.22	10
21.24	10
21.26	10
21.28	10
21.3	10
21.32	10
21.34	10
21.36	10
21.38	10
21.4	10
21.42	10
21.44	10
21.46	10
21.48	10
21.5	10
21.52	10
21.54	10
21.56	10
21.58	10
21.6	10
21.62	10
21.64	10
21.66	10
21.68	10
21.7	10
21.72	10
21.74	10
21.76	10
21.78	10
21.8	10
21.82	10
21.84	10
21.86	10
21.88	10
21.9	10
21.92	10
21.94	10
21.96	10
21.98	10
22	10
22.02	10
22.04	10
22.06	10
22.08	10
22.1	10
22.12	10
22.14	10
22.16	10
22.18	10
22.2	10
22.22	10
22.24	10
22.26	10
22.28	10
22.3	10
22.32	10
22.34	10
22.36	10
22.38	10
22.4	10
22.42	10
22.44	10
22.46	10
22.48	10
22.5	10
22.52	10
22.54	10
22.56	10
22.58	10
22.6	10
22.62	10
22.64	10
22.66	10
22.68	10
22.7	10
22.72	10
22.74	10
22.76	10
22.78	10
22.8	10
22.82	10
22.84	10
22.86	10
22.88	10
22.9	10
22.92	10
22.94	10
22.96	10
22.98	10
23	10
23.02	10
23.04	10
23.06	10
23.08	10
23.1	10
23.12	10
23.14	10
23.16	10
23.18	10
23.2	10
23.22	10
23.24	10
23.26	10
23.28	10
23.3	10
23.32	10
23.34	10
23.36	10
23.38	10
23.4	10
23.42	10
23.44	10
23.46	10
23.48	10
23.5	10
23.52	10
23.54	10
23.56	10
23.58	10
23.6	10
23.62	10
23.64	10
23.66	10
23.68	10
23.7	10
23.72	10
23.74	10
23.76	10
23.78	10
23.8	10
23.82	10
23.84	10
23.86	10
23.88	10
23.9	10
23.92	10
23.94	10
23.96	10
23.98	10
24	10
24.02	10
24.04	10
24.06	10
24.08	10
24.1	10
24.12	10
24.14	10
24.16	10
24.18	10
24.2	10
24.22	10
24.24	10
24.26	10
24.28	10
24.3	10
24.32	10
24.34	10
24.36	10
24.38	10
24.4	10
24.42	10
24.44	10
24.46	10
24.48	10
24.5	10
24.52	10
24.54	10
24.56	10
24.58	10
24.6	10
24.62	10
24.64	10
24.66	10
24.68	10
24.7	10
24.72	10
24.74	10
24.76	10
24.78	10
24.8	10
24.82	10
24.84	10
24.86	10
24.88	10
24.9	10
24.92	10
24.94	10
24.96	10
24.98	10
25	10
25.02	10
25.04	10
25.06	10
25.08	10
25.1	10
25.12	10
25.14	10
25.16	10
25.18	10
25.2	10
25.22	10
25.24	10
25.26	10
25.28	10
25.3	10
25.32	10
25.34	10
25.36	10
25.38	10
25.4	10
25.42	10
25.44	10
25.46	10
25.48	10
25.5	10
25.52	10
25.54	10
25.56	10
25.58	10
25.6	10
25.62	10
25.64	10
25.66	10
25.68	10
25.7	10
25.72	10
25.74	10
25.76	10
25.78	10
25.8	10
25.82	10
25.84	10
25.86	10
25.88	10
25.9	10
25.92	10
25.94	10
25.96	10
25.98	10
26	10
26.02	10
26.04	10
26.06	10
26.08	10
26.1	10
26.12	10
26.14	10
26.16	10
26.18	10
26.2	10
26.22	10
26.24	10
26.26	10
26.28	10
26.3	10
26.32	10
26.34	10
26.36	10
26.38	10
26.4	10
26.42	10
26.44	10
26.46	10
26.48	10
26.5	10
26.52	10
26.54	10
26.56	10
26.58	10
26.6	10
26.62	10
26.64	10
26.66	10
26.68	10
26.7	10
26.72	10
26.74	10
26.76	10
26.78	10
26.8	10
26.82	10
26.84	10
26.86	10
26.88	10
26.9	10
26.92	10
26.94	10
26.96	10
26.98	10
27	10
27.02	10
27.04	10
27.06	10
27.08	10
27.1	10
27.12	10
27.14	10
27.16	10
27.18	10
27.2	10
27.22	10
27.24	10
27.26	10
27.28	10
27.3	10
27.32	10
27.34	10
27.36	10
27.38	10
27.4	10
27.42	10
27.44	10
27.46	10
27.48	10
27.5	10
27.52	10
27.54	10
27.56	10
27.58	10
27.6	10
27.62	10
27.64	10
27.66	10
27.68	10
27.7	10
27.72	10
27.74	10
27.76	10
27.78	10
27.8	10
27.82	10
27.84	10
27.86	10
27.88	10
27.9	10
27.92	10
27.94	10
27.96	10
27.98	10
28	10
28.02	10
28.04	10
28.06	10
28.08	10
28.1	10
28.12	10
28.14	10
28.16	10
28.18	10
28.2	10
28.22	10
28.24	10
28.26	10
28.28	10
28.3	10
28.32	10
28.34	10
28.36	10
28.38	10
28.4	10
28.42	10
28.44	10
28.46	10
28.48	10
28.5	10
28.52	10
28.54	10
28.56	10
28.58	10
28.6	10
28.62	10
28.64	10
28.66	10
28.68	10
28.7	10
28.72	10
28.74	10
28.76	10
28.78	10
28.8	10
28.82	10
28.84	10
28.86	10
28.88	10
28.9	10
28.92	10
28.94	10
28.96	10
28.98	10
29	10
29.02	10
29.04	10
29.06	10
29.08	10
29.1	10
29.12	10
29.14	10
29.16	10
29.18	10
29.2	10
29.22	10
29.24	10
29.26	10
29.28	10
29.3	10
29.32	10
29.34	10
29.36	10
29.38	10
29.4	10
29.42	10
29.44	10
29.46	10
29.48	10
29.5	10
29.52	10
29.54	10
29.56	10
29.58	10
29.6	10
29.62	10
29.64	10
29.66	10
29.68	10
29.7	10
29.72	10
29.74	10
29.76	10
29.78	10
29.8	10
29.82	10
29.84	10
29.86	10
29.88	10
29.9	10
29.92	10
29.94	10
29.96	10
29.98	10
30	10
30.02	10
30.04	10
30.06	10
30.08	10
30.1	10
30.12	10
30.14	10
30.16	10
30.18	10
30.2	10
30.22	10
30.24	10
30.26	10
30.28	10
30.3	10
30.32	10
30.34	10
30.36	10
30.38	10
30.4	10
30.42	10
30.44	10
30.46	10
30.48	10
30.5	10
30.52	10
30.54	10
30.56	10
30.58	10
30.6	10
30.62	10
30.64	10
30.66	10
30.68	10
30.7	10
30.72	10
30.74	10
30.76	10
30.78	10
30.8	10
30.82	10
30.84	10
30.86	10
30.88	10
30.9	10
30.92	10
30.94	10
30.96	10
30.98	10
31	10
31.02	10
31.04	10
31.06	10
31.08	10
31.1	10
31.12	10
31.14	10
31.16	10
31.18	10
31.2	10
31.22	10
31.24	10
31.26	10
31.28	10
31.3	10
31.32	10
31.34	10
31.36	10
31.38	10
31.4	10
31.42	10
31.44	10
31.46	10
31.48	10
31.5	10
31.52	10
31.54	10
31.56	10
31.58	10
31.6	10
31.62	10
31.64	10
31.66	10
31.68	10
31.7	10
31.72	10
31.74	10
31.76	10
31.78	10
31.8	10
31.82	10
31.84	10
31.86	10
31.88	10
31.9	10
31.92	10
31.94	10
31.96	10
31.98	10
32	10
32.02	10
32.04	10
32.06	10
32.08	10
32.1	10
32.12	10
32.14	10
32.16	10
32.18	10
32.2	10
32.22	10
32.24	10
32.26	10
32.28	10
32.3	10
32.32	10
32.34	10
32.36	10
32.38	10
32.4	10
32.42	10
32.44	10
32.46	10
32.48	10
32.5	10
32.52	10
32.54	10
32.56	10
32.58	10
32.6	10
32.62	10
32.64	10
32.66	10
32.68	10
32.7	10
32.72	10
32.74	10
32.76	10
32.78	10
32.8	10
32.82	10
32.84	10
32.86	10
32.88	10
32.9	10
32.92	10
32.94	10
32.96	10
32.98	10
33	10
33.02	10
33.04	10
33.06	10
33.08	10
33.1	10
33.12	10
33.14	10
33.16	10
33.18	10
33.2	10
33.22	10
33.24	10
33.26	10
33.28	10
33.3	10
33.32	10
33.34	10
33.36	10
33.38	10
33.4	10
33.42	10
33.44	10
33.46	10
33.48	10
33.5	10
33.52	10
33.54	10
33.56	10
33.58	10
33.6	10
33.62	10
33.64	10
33.66	10
33.68	10
33.7	10
33.72	10
33.74	10
33.76	10
33.78	10
33.8	10
33.82	10
33.84	10
33.86	10
33.88	10
33.9	10
33.92	10
33.94	10
33.96	10
33.98	10
34	10
34.02	10
34.04	10
34.06	10
34.08	10
34.1	10
34.12	10
34.14	10
34.16	10
34.18	10
34.2	10
34.22	10
34.24	10
34.26	10
34.28	10
34.3	10
34.32	10
34.34	10
34.36	10
34.38	10
34.4	10
34.42	10
34.44	10
34.46	10
34.48	10
34.5	10
34.52	10
34.54	10
34.56	10
34.58	10
34.6	10
34.62	10
34.64	10
34.66	10
34.68	10
34.7	10
34.72	10
34.74	10
34.76	10
34.78	10
34.8	10
34.82	10
34.84	10
34.86	10
34.88	10
34.9	10
34.92	10
34.94	10
34.96	10
34.98	10
35	10
35.02	10
35.04	10
35.06	10
35.08	10
35.1	10
35.12	10
35.14	10
35.16	10
35.18	10
35.2	10
35.22	10
35.24	10
35.26	10
35.28	10
35.3	10
35.32	10
35.34	10
35.36	10
35.38	10
35.4	10
35.42	10
35.44	10
35.46	10
35.48	10
35.5	10
35.52	10
35.54	10
35.56	10
35.58	10
35.6	10
35.62	10
35.64	10
35.66	10
35.68	10
35.7	10
35.72	10
35.74	10
35.76	10
35.78	10
35.8	10
35.82	10
35.84	10
35.86	10
35.88	10
35.9	10
35.92	10
35.94	10
35.96	10
35.98	10
36	10
36.02	10
36.04	10
36.06	10
36.08	10
36.1	10
36.12	10
36.14	10
36.16	10
36.18	10
36.2	10
36.22	10
36.24	10
36.26	10
36.28	10
36.3	10
36.32	10
36.34	10
36.36	10
36.38	10
36.4	10
36.42	10
36.44	10
36.46	10
36.48	10
36.5	10
36.52	10
36.54	10
36.56	10
36.58	10
36.6	10
36.62	10
36.64	10
36.66	10
36.68	10
36.7	10
36.72	10
36.74	10
36.76	10
36.78	10
36.8	10
36.82	10
36.84	10
36.86	10
36.88	10
36.9	10
36.92	10
36.94	10
36.96	10
36.98	10
37	10
37.02	10
37.04	10
37.06	10
37.08	10
37.1	10
37.12	10
37.14	10
37.16	10
37.18	10
37.2	10
37.22	10
37.24	10
37.26	10
37.28	10
37.3	10
37.32	10
37.34	10
37.36	10
37.38	10
37.4	10
37.42	10
37.44	10
37.46	10
37.48	10
37.5	10
37.52	10
37.54	10
37.56	10
37.58	10
37.6	10
37.62	10
37.64	10
37.66	10
37.68	10
37.7	10
37.72	10
37.74	10
37.76	10
37.78	10
37.8	10
37.82	10
37.84	10
37.86	10
37.88	10
37.9	10
37.92	10
37.94	10
37.96	10
37.98	10
38	10
38.02	10
38.04	10
38.06	10
38.08	10
38.1	10
38.12	10
38.14	10
38.16	10
38.18	10
38.2	10
38.22	10
38.24	10
38.26	10
38.28	10
38.3	10
38.32	10
38.34	10
38.36	10
38.38	10
38.4	10
38.42	10
38.44	10
38.46	10
38.48	10
38.5	10
38.52	10
38.54	10
38.56	10
38.58	10
38.6	10
38.62	10
38.64	10
38.66	10
38.68	10
38.7	10
38.72	10
38.74	10
38.76	10
38.78	10
38.8	10
38.82	10
38.84	10
38.86	10
38.88	10
38.9	10
38.92	10
38.94	10
38.96	10
38.98	10
39	10
39.02	10
39.04	10
39.06	10
39.08	10
39.1	10
39.12	10
39.14	10
39.16	10
39.18	10
39.2	10
39.22	10
39.24	10
39.26	10
39.28	10
39.3	10
39.32	10
39.34	10
39.36	10
39.38	10
39.4	10
39.42	10
39.44	10
39.46	10
39.48	10
39.5	10
39.52	10
39.54	10
39.56	10
39.58	10
39.6	10
39.62	10
39.64	10
39.66	10
39.68	10
39.7	10
39.72	10
39.74	10
39.76	10
39.78	10
39.8	10
39.82	10
39.84	10
39.86	10
39.88	10
39.9	10
39.92	10
39.94	10
39.96	10
39.98	10
40	10
40.02	10
40.04	10
40.06	10
40.08	10
40.1	10
40.12	10
40.14	10
40.16	10
40.18	10
40.2	10
40.22	10
40.24	10
40.26	10
40.28	10
40.3	10
40.32	10
40.34	10
40.36	10
40.38	10
40.4	10
40.42	10
40.44	10
40.46	10
40.48	10
40.5	10
40.52	10
40.54	10
40.56	10
40.58	10
40.6	10
40.62	10
40.64	10
40.66	10
40.68	10
40.7	10
40.72	10
40.74	10
40.76	10
40.78	10
40.8	10
40.82	10
40.84	10
40.86	10
40.88	10
40.9	10
40.92	10
40.94	10
40.96	10
40.98	10
41	10
41.02	10
41.04	10
41.06	10
41.08	10
41.1	10
41.12	10
41.14	10
41.16	10
41.18	10
41.2	10
41.22	10
41.24	10
41.26	10
41.28	10
41.3	10
41.32	10
41.34	10
41.36	10
41.38	10
41.4	10
41.42	10
41.44	10
41.46	10
41.48	10
41.5	10
41.52	10
41.54	10
41.56	10
41.58	10
41.6	10
41.62	10
41.64	10
41.66	10
41.68	10
41.7	10
41.72	10
41.74	10
41.76	10
41.78	10
41.8	10
41.82	10
41.84	10
41.86	10
41.88	10
41.9	10
41.92	10
41.94	10
41.96	10
41.98	10
42	10
42.02	10
42.04	10
42.06	10
42.08	10
42.1	10
42.12	10
42.14	10
42.16	10
42.18	10
42.2	10
42.22	10
42.24	10
42.26	10
42.28	10
42.3	10
42.32	10
42.34	10
42.36	10
42.38	10
42.4	10
42.42	10
42.44	10
42.46	10
42.48	10
42.5	10
42.52	10
42.54	10
42.56	10
42.58	10
42.6	10
42.62	10
42.64	10
42.66	10
42.68	10
42.7	10
42.72	10
42.74	10
42.76	10
42.78	10
42.8	10
42.82	10
42.84	10
42.86	10
42.88	10
42.9	10
42.92	10
42.94	10
42.96	10
42.98	10
43	10
43.02	10
43.04	10
43.06	10
43.08	10
43.1	10
43.12	10
43.14	10
43.16	10
43.18	10
43.2	10
43.22	10
43.24	10
43.26	10
43.28	10
43.3	10
43.32	10
43.34	10
43.36	10
43.38	10
43.4	10
43.42	10
43.44	10
43.46	10
43.48	10
43.5	10
43.52	10
43.54	10
43.56	10
43.58	10
43.6	10
43.62	10
43.64	10
43.66	10
43.68	10
43.7	10
43.72	10
43.74	10
43.76	10
43.78	10
43.8	10
43.82	10
43.84	10
43.86	10
43.88	10
43.9	10
43.92	10
43.94	10
43.96	10
43.98	10
44	10
44.02	10
44.04	10
44.06	10
44.08	10
44.1	10
44.12	10
44.14	10
44.16	10
44.18	10
44.2	10
44.22	10
44.24	10
44.26	10
44.28	10
44.3	10
44.32	10
44.34	10
44.36	10
44.38	10
44.4	10
44.42	10
44.44	10
44.46	10
44.48	10
44.5	10
44.52	10
44.54	10
44.56	10
44.58	10
44.6	10
44.62	10
44.64	10
44.66	10
44.68	10
44.7	10
44.72	10
44.74	10
44.76	10
44.78	10
44.8	10
44.82	10
44.84	10
44.86	10
44.88	10
44.9	10
44.92	10
44.94	10
44.96	10
44.98	10
45	10
45.02	10
45.04	10
45.06	10
45.08	10
45.1	10
45.12	10
45.14	10
45.16	10
45.18	10
45.2	10
45.22	10
45.24	10
45.26	10
45.28	10
45.3	10
45.32	10
45.34	10
45.36	10
45.38	10
45.4	10
45.42	10
45.44	10
45.46	10
45.48	10
45.5	10
45.52	10
45.54	10
45.56	10
45.58	10
45.6	10
45.62	10
45.64	10
45.66	10
45.68	10
45.7	10
45.72	10
45.74	10
45.76	10
45.78	10
45.8	10
45.82	10
45.84	10
45.86	10
45.88	10
45.9	10
45.92	10
45.94	10
45.96	10
45.98	10
46	10
46.02	10
46.04	10
46.06	10
46.08	10
46.1	10
46.12	10
46.14	10
46.16	10
46.18	10
46.2	10
46.22	10
46.24	10
46.26	10
46.28	10
46.3	10
46.32	10
46.34	10
46.36	10
46.38	10
46.4	10
46.42	10
46.44	10
46.46	10
46.48	10
46.5	10
46.52	10
46.54	10
46.56	10
46.58	10
46.6	10
46.62	10
46.64	10
46.66	10
46.68	10
46.7	10
46.72	10
46.74	10
46.76	10
46.78	10
46.8	10
46.82	10
46.84	10
46.86	10
46.88	10
46.9	10
46.92	10
46.94	10
46.96	10
46.98	10
47	10
47.02	10
47.04	10
47.06	10
47.08	10
47.1	10
47.12	10
47.14	10
47.16	10
47.18	10
47.2	10
47.22	10
47.24	10
47.26	10
47.28	10
47.3	10
47.32	10
47.34	10
47.36	10
47.38	10
47.4	10
47.42	10
47.44	10
47.46	10
47.48	10
47.5	10
47.52	10
47.54	10
47.56	10
47.58	10
47.6	10
47.62	10
47.64	10
47.66	10
47.68	10
47.7	10
47.72	10
47.74	10
47.76	10
47.78	10
47.8	10
47.82	10
47.84	10
47.86	10
47.88	10
47.9	10
47.92	10
47.94	10
47.96	10
47.98	10
48	10
48.02	10
48.04	10
48.06	10
48.08	10
48.1	10
48.12	10
48.14	10
48.16	10
48.18	10
48.2	10
48.22	10
48.24	10
48.26	10
48.28	10
48.3	10
48.32	10
48.34	10
48.36	10
48.38	10
48.4	10
48.42	10
48.44	10
48.46	10
48.48	10
48.5	10
48.52	10
48.54	10
48.56	10
48.58	10
48.6	10
48.62	10
48.64	10
48.66	10
48.68	10
48.7	10
48.72	10
48.74	10
48.76	10
48.78	10
48.8	10
48.82	10
48.84	10
48.86	10
48.88	10
48.9	10
48.92	10
48.94	10
48.96	10
48.98	10
49	10
49.02	10
49.04	10
49.06	10
49.08	10
49.1	10
49.12	10
49.14	10
49.16	10
49.18	10
49.2	10
49.22	10
49.24	10
49.26	10
49.28	10
49.3	10
49.32	10
49.34	10
49.36	10
49.38	10
49.4	10
49.42	10
49.44	10
49.46	10
49.48	10
49.5	10
49.52	10
49.54	10
49.56	10
49.58	10
49.6	10
49.62	10
49.64	10
49.66	10
49.68	10
49.7	10
49.72	10
49.74	10
49.76	10
49.78	10
49.8	10
49.82	10
49.84	10
49.86	10
49.88	10
49.9	10
49.92	10
49.94	10
49.96	10
49.98	10
50	10
50.02	10
50.04	10
50.06	10
50.08	10
50.1	10
50.12	10
50.14	10
50.16	10
50.18	10
50.2	10
50.22	10
50.24	10
50.26	10
50.28	10
50.3	10
50.32	10
50.34	10
50.36	10
50.38	10
50.4	10
50.42	10
50.44	10
50.46	10
50.48	10
50.5	10
50.52	10
50.54	10
50.56	10
50.58	10
50.6	10
50.62	10
50.64	10
50.66	10
50.68	10
50.7	10
50.72	10
50.74	10
50.76	10
50.78	10
50.8	10
50.82	10
50.84	10
50.86	10
50.88	10
50.9	10
50.92	10
50.94	10
50.96	10
50.98	10
51	10
51.02	10
51.04	10
51.06	10
51.08	10
51.1	10
51.12	10
51.14	10
51.16	10
51.18	10
51.2	10
51.22	10
51.24	10
51.26	10
51.28	10
51.3	10
51.32	10
51.34	10
51.36	10
51.38	10
51.4	10
51.42	10
51.44	10
51.46	10
51.48	10
51.5	10
51.52	10
51.54	10
51.56	10
51.58	10
51.6	10
51.62	10
51.64	10
51.66	10
51.68	10
51.7	10
51.72	10
51.74	10
51.76	10
51.78	10
51.8	10
51.82	10
51.84	10
51.86	10
51.88	10
51.9	10
51.92	10
51.94	10
51.96	10
51.98	10
52	10
52.02	10
52.04	10
52.06	10
52.08	10
52.1	10
52.12	10
52.14	10
52.16	10
52.18	10
52.2	10
52.22	10
52.24	10
52.26	10
52.28	10
52.3	10
52.32	10
52.34	10
52.36	10
52.38	10
52.4	10
52.42	10
52.44	10
52.46	10
52.48	10
52.5	10
52.52	10
52.54	10
52.56	10
52.58	10
52.6	10
52.62	10
52.64	10
52.66	10
52.68	10
52.7	10
52.72	10
52.74	10
52.76	10
52.78	10
52.8	10
52.82	10
52.84	10
52.86	10
52.88	10
52.9	10
52.92	10
52.94	10
52.96	10
52.98	10
53	10
53.02	10
53.04	10
53.06	10
53.08	10
53.1	10
53.12	10
53.14	10
53.16	10
53.18	10
53.2	10
53.22	10
53.24	10
53.26	10
53.28	10
53.3	10
53.32	10
53.34	10
53.36	10
53.38	10
53.4	10
53.42	10
53.44	10
53.46	10
53.48	10
53.5	10
53.52	10
53.54	10
53.56	10
53.58	10
53.6	10
53.62	10
53.64	10
53.66	10
53.68	10
53.7	10
53.72	10
53.74	10
53.76	10
53.78	10
53.8	10
53.82	10
53.84	10
53.86	10
53.88	10
53.9	10
53.92	10
53.94	10
53.96	10
53.98	10
54	10
54.02	10
54.04	10
54.06	10
54.08	10
54.1	10
54.12	10
54.14	10
54.16	10
54.18	10
54.2	10
54.22	10
54.24	10
54.26	10
54.28	10
54.3	10
54.32	10
54.34	10
54.36	10
54.38	10
54.4	10
54.42	10
54.44	10
54.46	10
54.48	10
54.5	10
54.52	10
54.54	10
54.56	10
54.58	10
54.6	10
54.62	10
54.64	10
54.66	10
54.68	10
54.7	10
54.72	10
54.74	10
54.76	10
54.78	10
54.8	10
54.82	10
54.84	10
54.86	10
54.88	10
54.9	10
54.92	10
54.94	10
54.96	10
54.98	10
55	10
55.02	10
55.04	10
55.06	10
55.08	10
55.1	10
55.12	10
55.14	10
55.16	10
55.18	10
55.2	10
55.22	10
55.24	10
55.26	10
55.28	10
55.3	10
55.32	10
55.34	10
55.36	10
55.38	10
55.4	10
55.42	10
55.44	10
55.46	10
55.48	10
55.5	10
55.52	10
55.54	10
55.56	10
55.58	10
55.6	10
55.62	10
55.64	10
55.66	10
55.68	10
55.7	10
55.72	10
55.74	10
55.76	10
55.78	10
55.8	10
55.82	10
55.84	10
55.86	10
55.88	10
55.9	10
55.92	10
55.94	10
55.96	10
55.98	10
56	10
56.02	10
56.04	10
56.06	10
56.08	10
56.1	10
56.12	10
56.14	10
56.16	10
56.18	10
56.2	10
56.22	10
56.24	10
56.26	10
56.28	10
56.3	10
56.32	10
56.34	10
56.36	10
56.38	10
56.4	10
56.42	10
56.44	10
56.46	10
56.48	10
56.5	10
56.52	10
56.54	10
56.56	10
56.58	10
56.6	10
56.62	10
56.64	10
56.66	10
56.68	10
56.7	10
56.72	10
56.74	10
56.76	10
56.78	10
56.8	10
56.82	10
56.84	10
56.86	10
56.88	10
56.9	10
56.92	10
56.94	10
56.96	10
56.98	10
57	10
57.02	10
57.04	10
57.06	10
57.08	10
57.1	10
57.12	10
57.14	10
57.16	10
57.18	10
57.2	10
57.22	10
57.24	10
57.26	10
57.28	10
57.3	10
57.32	10
57.34	10
57.36	10
57.38	10
57.4	10
57.42	10
57.44	10
57.46	10
57.48	10
57.5	10
57.52	10
57.54	10
57.56	10
57.58	10
57.6	10
57.62	10
57.64	10
57.66	10
57.68	10
57.7	10
57.72	10
57.74	10
57.76	10
57.78	10
57.8	10
57.82	10
57.84	10
57.86	10
57.88	10
57.9	10
57.92	10
57.94	10
57.96	10
57.98	10
58	10
58.02	10
58.04	10
58.06	10
58.08	10
58.1	10
58.12	10
58.14	10
58.16	10
58.18	10
58.2	10
58.22	10
58.24	10
58.26	10
58.28	10
58.3	10
58.32	10
58.34	10
58.36	10
58.38	10
58.4	10
58.42	10
58.44	10
58.46	10
58.48	10
58.5	10
58.52	10
58.54	10
58.56	10
58.58	10
58.6	10
58.62	10
58.64	10
58.66	10
58.68	10
58.7	10
58.72	10
58.74	10
58.76	10
58.78	10
58.8	10
58.82	10
58.84	10
58.86	10
58.88	10
58.9	10
58.92	10
58.94	10
58.96	10
58.98	10
59	10
59.02	10
59.04	10
59.06	10
59.08	10
59.1	10
59.12	10
59.14	10
59.16	10
59.18	10
59.2	10
59.22	10
59.24	10
59.26	10
59.28	10
59.3	10
59.32	10
59.34	10
59.36	10
59.38	10
59.4	10
59.42	10
59.44	10
59.46	10
59.48	10
59.5	10
59.52	10
59.54	10
59.56	10
59.58	10
59.6	10
59.62	10
59.64	10
59.66	10
59.68	10
59.7	10
59.72	10
59.74	10
59.76	10
59.78	10
59.8	10
59.82	10
59.84	10
59.86	10
59.88	10
59.9	10
59.92	10
59.94	10
59.96	10
59.98	10
60	10
60.02	10
60.04	10
60.06	10
60.08	10
60.1	10
60.12	10
60.14	10
60.16	10
60.18	10
60.2	10
60.22	10
60.24	10
60.26	10
60.28	10
60.3	10
60.32	10
60.34	10
60.36	10
60.38	10
60.4	10
60.42	10
60.44	10
60.46	10
60.48	10
60.5	10
60.52	10
60.54	10
60.56	10
60.58	10
60.6	10
60.62	10
60.64	10
60.66	10
60.68	10
60.7	10
60.72	10
60.74	10
60.76	10
60.78	10
60.8	10
60.82	10
60.84	10
60.86	10
60.88	10
60.9	10
60.92	10
60.94	10
60.96	10
60.98	10
61	10
61.02	10
61.04	10
61.06	10
61.08	10
61.1	10
61.12	10
61.14	10
61.16	10
61.18	10
61.2	10
61.22	10
61.24	10
61.26	10
61.28	10
61.3	10
61.32	10
61.34	10
61.36	10
61.38	10
61.4	10
61.42	10
61.44	10
61.46	10
61.48	10
61.5	10
61.52	10
61.54	10
61.56	10
61.58	10
61.6	10
61.62	10
61.64	10
61.66	10
61.68	10
61.7	10
61.72	10
61.74	10
61.76	10
61.78	10
61.8	10
61.82	10
61.84	10
61.86	10
61.88	10
61.9	10
61.92	10
61.94	10
61.96	10
61.98	10
62	10
62.02	10
62.04	10
62.06	10
62.08	10
62.1	10
62.12	10
62.14	10
62.16	10
62.18	10
62.2	10
62.22	10
62.24	10
62.26	10
62.28	10
62.3	10
62.32	10
62.34	10
62.36	10
62.38	10
62.4	10
62.42	10
62.44	10
62.46	10
62.48	10
62.5	10
62.52	10
62.54	10
62.56	10
62.58	10
62.6	10
62.62	10
62.64	10
62.66	10
62.68	10
62.7	10
62.72	10
62.74	10
62.76	10
62.78	10
62.8	10
62.82	10
62.84	10
62.86	10
62.88	10
62.9	10
62.92	10
62.94	10
62.96	10
62.98	10
63	10
63.02	10
63.04	10
63.06	10
63.08	10
63.1	10
63.12	10
63.14	10
63.16	10
63.18	10
63.2	10
63.22	10
63.24	10
63.26	10
63.28	10
63.3	10
63.32	10
63.34	10
63.36	10
63.38	10
63.4	10
63.42	10
63.44	10
63.46	10
63.48	10
63.5	10
63.52	10
63.54	10
63.56	10
63.58	10
63.6	10
63.62	10
63.64	10
63.66	10
63.68	10
63.7	10
63.72	10
63.74	10
63.76	10
63.78	10
63.8	10
63.82	10
63.84	10
63.86	10
63.88	10
63.9	10
63.92	10
63.94	10
63.96	10
63.98	10
64	10
64.02	10
64.04	10
64.06	10
64.08	10
64.1	10
64.12	10
64.14	10
64.16	10
64.18	10
64.2	10
64.22	10
64.24	10
64.26	10
64.28	10
64.3	10
64.32	10
64.34	10
64.36	10
64.38	10
64.4	10
64.42	10
64.44	10
64.46	10
64.48	10
64.5	10
64.52	10
64.54	10
64.56	10
64.58	10
64.6	10
64.62	10
64.64	10
64.66	10
64.68	10
64.7	10
64.72	10
64.74	10
64.76	10
64.78	10
64.8	10
64.82	10
64.84	10
64.86	10
64.88	10
64.9	10
64.92	10
64.94	10
64.96	10
64.98	10
65	10
65.02	10
65.04	10
65.06	10
65.08	10
65.1	10
65.12	10
65.14	10
65.16	10
65.18	10
65.2	10
65.22	10
65.24	10
65.26	10
65.28	10
65.3	10
65.32	10
65.34	10
65.36	10
65.38	10
65.4	10
65.42	10
65.44	10
65.46	10
65.48	10
65.5	10
65.52	10
65.54	10
65.56	10
65.58	10
65.6	10
65.62	10
65.64	10
65.66	10
65.68	10
65.7	10
65.72	10
65.74	10
65.76	10
65.78	10
65.8	10
65.82	10
65.84	10
65.86	10
65.88	10
65.9	10
65.92	10
65.94	10
65.96	10
65.98	10
66	10
66.02	10
66.04	10
66.06	10
66.08	10
66.1	10
66.12	10
66.14	10
66.16	10
66.18	10
66.2	10
66.22	10
66.24	10
66.26	10
66.28	10
66.3	10
66.32	10
66.34	10
66.36	10
66.38	10
66.4	10
66.42	10
66.44	10
66.46	10
66.48	10
66.5	10
66.52	10
66.54	10
66.56	10
66.58	10
66.6	10
66.62	10
66.64	10
66.66	10
66.68	10
66.7	10
66.72	10
66.74	10
66.76	10
66.78	10
66.8	10
66.82	10
66.84	10
66.86	10
66.88	10
66.9	10
66.92	10
66.94	10
66.96	10
66.98	10
67	10
67.02	10
67.04	10
67.06	10
67.08	10
67.1	10
67.12	10
67.14	10
67.16	10
67.18	10
67.2	10
67.22	10
67.24	10
67.26	10
67.28	10
67.3	10
67.32	10
67.34	10
67.36	10
67.38	10
67.4	10
67.42	10
67.44	10
67.46	10
67.48	10
67.5	10
67.52	10
67.54	10
67.56	10
67.58	10
67.6	10
67.62	10
67.64	10
67.66	10
67.68	10
67.7	10
67.72	10
67.74	10
67.76	10
67.78	10
67.8	10
67.82	10
67.84	10
67.86	10
67.88	10
67.9	10
67.92	10
67.94	10
67.96	10
67.98	10
68	10
68.02	10
68.04	10
68.06	10
68.08	10
68.1	10
68.12	10
68.14	10
68.16	10
68.18	10
68.2	10
68.22	10
68.24	10
68.26	10
68.28	10
68.3	10
68.32	10
68.34	10
68.36	10
68.38	10
68.4	10
68.42	10
68.44	10
68.46	10
68.48	10
68.5	10
68.52	10
68.54	10
68.56	10
68.58	10
68.6	10
68.62	10
68.64	10
68.66	10
68.68	10
68.7	10
68.72	10
68.74	10
68.76	10
68.78	10
68.8	10
68.82	10
68.84	10
68.86	10
68.88	10
68.9	10
68.92	10
68.94	10
68.96	10
68.98	10
69	10
69.02	10
69.04	10
69.06	10
69.08	10
69.1	10
69.12	10
69.14	10
69.16	10
69.18	10
69.2	10
69.22	10
69.24	10
69.26	10
69.28	10
69.3	10
69.32	10
69.34	10
69.36	10
69.38	10
69.4	10
69.42	10
69.44	10
69.46	10
69.48	10
69.5	10
69.52	10
69.54	10
69.56	10
69.58	10
69.6	10
69.62	10
69.64	10
69.66	10
69.68	10
69.7	10
69.72	10
69.74	10
69.76	10
69.78	10
69.8	10
69.82	10
69.84	10
69.86	10
69.88	10
69.9	10
69.92	10
69.94	10
69.96	10
69.98	10
70	10
70.02	10
70.04	10
70.06	10
70.08	10
70.1	10
70.12	10
70.14	10
70.16	10
70.18	10
70.2	10
70.22	10
70.24	10
70.26	10
70.28	10
70.3	10
70.32	10
70.34	10
70.36	10
70.38	10
70.4	10
70.42	10
70.44	10
70.46	10
70.48	10
70.5	10
70.52	10
70.54	10
70.56	10
70.58	10
70.6	10
70.62	10
70.64	10
70.66	10
70.68	10
70.7	10
70.72	10
70.74	10
70.76	10
70.78	10
70.8	10
70.82	10
70.84	10
70.86	10
70.88	10
70.9	10
70.92	10
70.94	10
70.96	10
70.98	10
71	10
71.02	10
71.04	10
71.06	10
71.08	10
71.1	10
71.12	10
71.14	10
71.16	10
71.18	10
71.2	10
71.22	10
71.24	10
71.26	10
71.28	10
71.3	10
71.32	10
71.34	10
71.36	10
71.38	10
71.4	10
71.42	10
71.44	10
71.46	10
71.48	10
71.5	10
71.52	10
71.54	10
71.56	10
71.58	10
71.6	10
71.62	10
71.64	10
71.66	10
71.68	10
71.7	10
71.72	10
71.74	10
71.76	10
71.78	10
71.8	10
71.82	10
71.84	10
71.86	10
71.88	10
71.9	10
71.92	10
71.94	10
71.96	10
71.98	10
72	10
72.02	10
72.04	10
72.06	10
72.08	10
72.1	10
72.12	10
72.14	10
72.16	10
72.18	10
72.2	10
72.22	10
72.24	10
72.26	10
72.28	10
72.3	10
72.32	10
72.34	10
72.36	10
72.38	10
72.4	10
72.42	10
72.44	10
72.46	10
72.48	10
72.5	10
72.52	10
72.54	10
72.56	10
72.58	10
72.6	10
72.62	10
72.64	10
72.66	10
72.68	10
72.7	10
72.72	10
72.74	10
72.76	10
72.78	10
72.8	10
72.82	10
72.84	10
72.86	10
72.88	10
72.9	10
72.92	10
72.94	10
72.96	10
72.98	10
73	10
73.02	10
73.04	10
73.06	10
73.08	10
73.1	10
73.12	10
73.14	10
73.16	10
73.18	10
73.2	10
73.22	10
73.24	10
73.26	10
73.28	10
73.3	10
73.32	10
73.34	10
73.36	10
73.38	10
73.4	10
73.42	10
73.44	10
73.46	10
73.48	10
73.5	10
73.52	10
73.54	10
73.56	10
73.58	10
73.6	10
73.62	10
73.64	10
73.66	10
73.68	10
73.7	10
73.72	10
73.74	10
73.76	10
73.78	10
73.8	10
73.82	10
73.84	10
73.86	10
73.88	10
73.9	10
73.92	10
73.94	10
73.96	10
73.98	10
74	10
74.02	10
74.04	10
74.06	10
74.08	10
74.1	10
74.12	10
74.14	10
74.16	10
74.18	10
74.2	10
74.22	10
74.24	10
74.26	10
74.28	10
74.3	10
74.32	10
74.34	10
74.36	10
74.38	10
74.4	10
74.42	10
74.44	10
74.46	10
74.48	10
74.5	10
74.52	10
74.54	10
74.56	10
74.58	10
74.6	10
74.62	10
74.64	10
74.66	10
74.68	10
74.7	10
74.72	10
74.74	10
74.76	10
74.78	10
74.8	10
74.82	10
74.84	10
74.86	10
74.88	10
74.9	10
74.92	10
74.94	10
74.96	10
74.98	10
75	10
75.02	10
75.04	10
75.06	10
75.08	10
75.1	10
75.12	10
75.14	10
75.16	10
75.18	10
75.2	10
75.22	10
75.24	10
75.26	10
75.28	10
75.3	10
75.32	10
75.34	10
75.36	10
75.38	10
75.4	10
75.42	10
75.44	10
75.46	10
75.48	10
75.5	10
75.52	10
75.54	10
75.56	10
75.58	10
75.6	10
75.62	10
75.64	10
75.66	10
75.68	10
75.7	10
75.72	10
75.74	10
75.76	10
75.78	10
75.8	10
75.82	10
75.84	10
75.86	10
75.88	10
75.9	10
75.92	10
75.94	10
75.96	10
75.98	10
76	10
76.02	10
76.04	10
76.06	10
76.08	10
76.1	10
76.12	10
76.14	10
76.16	10
76.18	10
76.2	10
76.22	10
76.24	10
76.26	10
76.28	10
76.3	10
76.32	10
76.34	10
76.36	10
76.38	10
76.4	10
76.42	10
76.44	10
76.46	10
76.48	10
76.5	10
76.52	10
76.54	10
76.56	10
76.58	10
76.6	10
76.62	10
76.64	10
76.66	10
76.68	10
76.7	10
76.72	10
76.74	10
76.76	10
76.78	10
76.8	10
76.82	10
76.84	10
76.86	10
76.88	10
76.9	10
76.92	10
76.94	10
76.96	10
76.98	10
77	10
77.02	10
77.04	10
77.06	10
77.08	10
77.1	10
77.12	10
77.14	10
77.16	10
77.18	10
77.2	10
77.22	10
77.24	10
77.26	10
77.28	10
77.3	10
77.32	10
77.34	10
77.36	10
77.38	10
77.4	10
77.42	10
77.44	10
77.46	10
77.48	10
77.5	10
77.52	10
77.54	10
77.56	10
77.58	10
77.6	10
77.62	10
77.64	10
77.66	10
77.68	10
77.7	10
77.72	10
77.74	10
77.76	10
77.78	10
77.8	10
77.82	10
77.84	10
77.86	10
77.88	10
77.9	10
77.92	10
77.94	10
77.96	10
77.98	10
78	10
78.02	10
78.04	10
78.06	10
78.08	10
78.1	10
78.12	10
78.14	10
78.16	10
78.18	10
78.2	10
78.22	10
78.24	10
78.26	10
78.28	10
78.3	10
78.32	10
78.34	10
78.36	10
78.38	10
78.4	10
78.42	10
78.44	10
78.46	10
78.48	10
78.5	10
78.52	10
78.54	10
78.56	10
78.58	10
78.6	10
78.62	10
78.64	10
78.66	10
78.68	10
78.7	10
78.72	10
78.74	10
78.76	10
78.78	10
78.8	10
78.82	10
78.84	10
78.86	10
78.88	10
78.9	10
78.92	10
78.94	10
78.96	10
78.98	10
79	10
79.02	10
79.04	10
79.06	10
79.08	10
79.1	10
79.12	10
79.14	10
79.16	10
79.18	10
79.2	10
79.22	10
79.24	10
79.26	10
79.28	10
79.3	10
79.32	10
79.34	10
79.36	10
79.38	10
79.4	10
79.42	10
79.44	10
79.46	10
79.48	10
79.5	10
79.52	10
79.54	10
79.56	10
79.58	10
79.6	10
79.62	10
79.64	10
79.66	10
79.68	10
79.7	10
79.72	10
79.74	10
79.76	10
79.78	10
79.8	10
79.82	10
79.84	10
79.86	10
79.88	10
79.9	10
79.92	10
79.94	10
79.96	10
79.98	10
80	10
80.02	10
80.04	10
80.06	10
80.08	10
80.1	10
80.12	10
80.14	10
80.16	10
80.18	10
80.2	10
80.22	10
80.24	10
80.26	10
80.28	10
80.3	10
80.32	10
80.34	10
80.36	10
80.38	10
80.4	10
80.42	10
80.44	10
80.46	10
80.48	10
80.5	10
80.52	10
80.54	10
80.56	10
80.58	10
80.6	10
80.62	10
80.64	10
80.66	10
80.68	10
80.7	10
80.72	10
80.74	10
80.76	10
80.78	10
80.8	10
80.82	10
80.84	10
80.86	10
80.88	10
80.9	10
80.92	10
80.94	10
80.96	10
80.98	10
81	10
81.02	10
81.04	10
81.06	10
81.08	10
81.1	10
81.12	10
81.14	10
81.16	10
81.18	10
81.2	10
81.22	10
81.24	10
81.26	10
81.28	10
81.3	10
81.32	10
81.34	10
81.36	10
81.38	10
81.4	10
81.42	10
81.44	10
81.46	10
81.48	10
81.5	10
81.52	10
81.54	10
81.56	10
81.58	10
81.6	10
81.62	10
81.64	10
81.66	10
81.68	10
81.7	10
81.72	10
81.74	10
81.76	10
81.78	10
81.8	10
81.82	10
81.84	10
81.86	10
81.88	10
81.9	10
81.92	10
81.94	10
81.96	10
81.98	10
82	10
82.02	10
82.04	10
82.06	10
82.08	10
82.1	10
82.12	10
82.14	10
82.16	10
82.18	10
82.2	10
82.22	10
82.24	10
82.26	10
82.28	10
82.3	10
82.32	10
82.34	10
82.36	10
82.38	10
82.4	10
82.42	10
82.44	10
82.46	10
82.48	10
82.5	10
82.52	10
82.54	10
82.56	10
82.58	10
82.6	10
82.62	10
82.64	10
82.66	10
82.68	10
82.7	10
82.72	10
82.74	10
82.76	10
82.78	10
82.8	10
82.82	10
82.84	10
82.86	10
82.88	10
82.9	10
82.92	10
82.94	10
82.96	10
82.98	10
83	10
83.02	10
83.04	10
83.06	10
83.08	10
83.1	10
83.12	10
83.14	10
83.16	10
83.18	10
83.2	10
83.22	10
83.24	10
83.26	10
83.28	10
83.3	10
83.32	10
83.34	10
83.36	10
83.38	10
83.4	10
83.42	10
83.44	10
83.46	10
83.48	10
83.5	10
83.52	10
83.54	10
83.56	10
83.58	10
83.6	10
83.62	10
83.64	10
83.66	10
83.68	10
83.7	10
83.72	10
83.74	10
83.76	10
83.78	10
83.8	10
83.82	10
83.84	10
83.86	10
83.88	10
83.9	10
83.92	10
83.94	10
83.96	10
83.98	10
84	10
84.02	10
84.04	10
84.06	10
84.08	10
84.1	10
84.12	10
84.14	10
84.16	10
84.18	10
84.2	10
84.22	10
84.24	10
84.26	10
84.28	10
84.3	10
84.32	10
84.34	10
84.36	10
84.38	10
84.4	10
84.42	10
84.44	10
84.46	10
84.48	10
84.5	10
84.52	10
84.54	10
84.56	10
84.58	10
84.6	10
84.62	10
84.64	10
84.66	10
84.68	10
84.7	10
84.72	10
84.74	10
84.76	10
84.78	10
84.8	10
84.82	10
84.84	10
84.86	10
84.88	10
84.9	10
84.92	10
84.94	10
84.96	10
84.98	10
85	10
85.02	10
85.04	10
85.06	10
85.08	10
85.1	10
85.12	10
85.14	10
85.16	10
85.18	10
85.2	10
85.22	10
85.24	10
85.26	10
85.28	10
85.3	10
85.32	10
85.34	10
85.36	10
85.38	10
85.4	10
85.42	10
85.44	10
85.46	10
85.48	10
85.5	10
85.52	10
85.54	10
85.56	10
85.58	10
85.6	10
85.62	10
85.64	10
85.66	10
85.68	10
85.7	10
85.72	10
85.74	10
85.76	10
85.78	10
85.8	10
85.82	10
85.84	10
85.86	10
85.88	10
85.9	10
85.92	10
85.94	10
85.96	10
85.98	10
86	10
86.02	10
86.04	10
86.06	10
86.08	10
86.1	10
86.12	10
86.14	10
86.16	10
86.18	10
86.2	10
86.22	10
86.24	10
86.26	10
86.28	10
86.3	10
86.32	10
86.34	10
86.36	10
86.38	10
86.4	10
86.42	10
86.44	10
86.46	10
86.48	10
86.5	10
86.52	10
86.54	10
86.56	10
86.58	10
86.6	10
86.62	10
86.64	10
86.66	10
86.68	10
86.7	10
86.72	10
86.74	10
86.76	10
86.78	10
86.8	10
86.82	10
86.84	10
86.86	10
86.88	10
86.9	10
86.92	10
86.94	10
86.96	10
86.98	10
87	10
87.02	10
87.04	10
87.06	10
87.08	10
87.1	10
87.12	10
87.14	10
87.16	10
87.18	10
87.2	10
87.22	10
87.24	10
87.26	10
87.28	10
87.3	10
87.32	10
87.34	10
87.36	10
87.38	10
87.4	10
87.42	10
87.44	10
87.46	10
87.48	10
87.5	10
87.52	10
87.54	10
87.56	10
87.58	10
87.6	10
87.62	10
87.64	10
87.66	10
87.68	10
87.7	10
87.72	10
87.74	10
87.76	10
87.78	10
87.8	10
87.82	10
87.84	10
87.86	10
87.88	10
87.9	10
87.92	10
87.94	10
87.96	10
87.98	10
88	10
88.02	10
88.04	10
88.06	10
88.08	10
88.1	10
88.12	10
88.14	10
88.16	10
88.18	10
88.2	10
88.22	10
88.24	10
88.26	10
88.28	10
88.3	10
88.32	10
88.34	10
88.36	10
88.38	10
88.4	10
88.42	10
88.44	10
88.46	10
88.48	10
88.5	10
88.52	10
88.54	10
88.56	10
88.58	10
88.6	10
88.62	10
88.64	10
88.66	10
88.68	10
88.7	10
88.72	10
88.74	10
88.76	10
88.78	10
88.8	10
88.82	10
88.84	10
88.86	10
88.88	10
88.9	10
88.92	10
88.94	10
88.96	10
88.98	10
89	10
89.02	10
89.04	10
89.06	10
89.08	10
89.1	10
89.12	10
89.14	10
89.16	10
89.18	10
89.2	10
89.22	10
89.24	10
89.26	10
89.28	10
89.3	10
89.32	10
89.34	10
89.36	10
89.38	10
89.4	10
89.42	10
89.44	10
89.46	10
89.48	10
89.5	10
89.52	10
89.54	10
89.56	10
89.58	10
89.6	10
89.62	10
89.64	10
89.66	10
89.68	10
89.7	10
89.72	10
89.74	10
89.76	10
89.78	10
89.8	10
89.82	10
89.84	10
89.86	10
89.88	10
89.9	10
89.92	10
89.94	10
89.96	10
89.98	10
90	10
90.02	10
90.04	10
90.06	10
90.08	10
90.1	10
90.12	10
90.14	10
90.16	10
90.18	10
90.2	10
90.22	10
90.24	10
90.26	10
90.28	10
90.3	10
90.32	10
90.34	10
90.36	10
90.38	10
90.4	10
90.42	10
90.44	10
90.46	10
90.48	10
90.5	10
90.52	10
90.54	10
90.56	10
90.58	10
90.6	10
90.62	10
90.64	10
90.66	10
90.68	10
90.7	10
90.72	10
90.74	10
90.76	10
90.78	10
90.8	10
90.82	10
90.84	10
90.86	10
90.88	10
90.9	10
90.92	10
90.94	10
90.96	10
90.98	10
91	10
91.02	10
91.04	10
91.06	10
91.08	10
91.1	10
91.12	10
91.14	10
91.16	10
91.18	10
91.2	10
91.22	10
91.24	10
91.26	10
91.28	10
91.3	10
91.32	10
91.34	10
91.36	10
91.38	10
91.4	10
91.42	10
91.44	10
91.46	10
91.48	10
91.5	10
91.52	10
91.54	10
91.56	10
91.58	10
91.6	10
91.62	10
91.64	10
91.66	10
91.68	10
91.7	10
91.72	10
91.74	10
91.76	10
91.78	10
91.8	10
91.82	10
91.84	10
91.86	10
91.88	10
91.9	10
91.92	10
91.94	10
91.96	10
91.98	10
92	10
92.02	10
92.04	10
92.06	10
92.08	10
92.1	10
92.12	10
92.14	10
92.16	10
92.18	10
92.2	10
92.22	10
92.24	10
92.26	10
92.28	10
92.3	10
92.32	10
92.34	10
92.36	10
92.38	10
92.4	10
92.42	10
92.44	10
92.46	10
92.48	10
92.5	10
92.52	10
92.54	10
92.56	10
92.58	10
92.6	10
92.62	10
92.64	10
92.66	10
92.68	10
92.7	10
92.72	10
92.74	10
92.76	10
92.78	10
92.8	10
92.82	10
92.84	10
92.86	10
92.88	10
92.9	10
92.92	10
92.94	10
92.96	10
92.98	10
93	10
93.02	10
93.04	10
93.06	10
93.08	10
93.1	10
93.12	10
93.14	10
93.16	10
93.18	10
93.2	10
93.22	10
93.24	10
93.26	10
93.28	10
93.3	10
93.32	10
93.34	10
93.36	10
93.38	10
93.4	10
93.42	10
93.44	10
93.46	10
93.48	10
93.5	10
93.52	10
93.54	10
93.56	10
93.58	10
93.6	10
93.62	10
93.64	10
93.66	10
93.68	10
93.7	10
93.72	10
93.74	10
93.76	10
93.78	10
93.8	10
93.82	10
93.84	10
93.86	10
93.88	10
93.9	10
93.92	10
93.94	10
93.96	10
93.98	10
94	10
94.02	10
94.04	10
94.06	10
94.08	10
94.1	10
94.12	10
94.14	10
94.16	10
94.18	10
94.2	10
94.22	10
94.24	10
94.26	10
94.28	10
94.3	10
94.32	10
94.34	10
94.36	10
94.38	10
94.4	10
94.42	10
94.44	10
94.46	10
94.48	10
94.5	10
94.52	10
94.54	10
94.56	10
94.58	10
94.6	10
94.62	10
94.64	10
94.66	10
94.68	10
94.7	10
94.72	10
94.74	10
94.76	10
94.78	10
94.8	10
94.82	10
94.84	10
94.86	10
94.88	10
94.9	10
94.92	10
94.94	10
94.96	10
94.98	10
95	10
95.02	10
95.04	10
95.06	10
95.08	10
95.1	10
95.12	10
95.14	10
95.16	10
95.18	10
95.2	10
95.22	10
95.24	10
95.26	10
95.28	10
95.3	10
95.32	10
95.34	10
95.36	10
95.38	10
95.4	10
95.42	10
95.44	10
95.46	10
95.48	10
95.5	10
95.52	10
95.54	10
95.56	10
95.58	10
95.6	10
95.62	10
95.64	10
95.66	10
95.68	10
95.7	10
95.72	10
95.74	10
95.76	10
95.78	10
95.8	10
95.82	10
95.84	10
95.86	10
95.88	10
95.9	10
95.92	10
95.94	10
95.96	10
95.98	10
96	10
96.02	10
96.04	10
96.06	10
96.08	10
96.1	10
96.12	10
96.14	10
96.16	10
96.18	10
96.2	10
96.22	10
96.24	10
96.26	10
96.28	10
96.3	10
96.32	10
96.34	10
96.36	10
96.38	10
96.4	10
96.42	10
96.44	10
96.46	10
96.48	10
96.5	10
96.52	10
96.54	10
96.56	10
96.58	10
96.6	10
96.62	10
96.64	10
96.66	10
96.68	10
96.7	10
96.72	10
96.74	10
96.76	10
96.78	10
96.8	10
96.82	10
96.84	10
96.86	10
96.88	10
96.9	10
96.92	10
96.94	10
96.96	10
96.98	10
97	10
97.02	10
97.04	10
97.06	10
97.08	10
97.1	10
97.12	10
97.14	10
97.16	10
97.18	10
97.2	10
97.22	10
97.24	10
97.26	10
97.28	10
97.3	10
97.32	10
97.34	10
97.36	10
97.38	10
97.4	10
97.42	10
97.44	10
97.46	10
97.48	10
97.5	10
97.52	10
97.54	10
97.56	10
97.58	10
97.6	10
97.62	10
97.64	10
97.66	10
97.68	10
97.7	10
97.72	10
97.74	10
97.76	10
97.78	10
97.8	10
97.82	10
97.84	10
97.86	10
97.88	10
97.9	10
97.92	10
97.94	10
97.96	10
97.98	10
98	10
98.02	10
98.04	10
98.06	10
98.08	10
98.1	10
98.12	10
98.14	10
98.16	10
98.18	10
98.2	10
98.22	10
98.24	10
98.26	10
98.28	10
98.3	10
98.32	10
98.34	10
98.36	10
98.38	10
98.4	10
98.42	10
98.44	10
98.46	10
98.48	10
98.5	10
98.52	10
98.54	10
98.56	10
98.58	10
98.6	10
98.62	10
98.64	10
98.66	10
98.68	10
98.7	10
98.72	10
98.74	10
98.76	10
98.78	10
98.8	10
98.82	10
98.84	10
98.86	10
98.88	10
98.9	10
98.92	10
98.94	10
98.96	10
98.98	10
99	10
99.02	10
99.04	10
99.06	10
99.08	10
99.1	10
99.12	10
99.14	10
99.16	10
99.18	10
99.2	10
99.22	10
99.24	10
99.26	10
99.28	10
99.3	10
99.32	10
99.34	10
99.36	10
99.38	10
99.4	10
99.42	10
99.44	10
99.46	10
99.48	10
99.5	10
99.52	10
99.54	10
99.56	10
99.58	10
99.6	10
99.62	10
99.64	10
99.66	10
99.68	10
99.7	10
99.72	10
99.74	10
99.76	10
99.78	10
99.8	10
99.82	10
99.84	10
99.86	10
99.88	10
99.9	10
99.92	10
99.94	10
99.96	10
99.98	10
100	10
100.02	10
100.04	10
100.06	10
100.08	10
100.1	10
100.12	10
100.14	10
100.16	10
100.18	10
100.2	10
100.22	10
100.24	10
100.26	10
100.28	10
100.3	10
100.32	10
100.34	10
100.36	10
100.38	10
100.4	10
100.42	10
100.44	10
100.46	10
100.48	10
100.5	10
100.52	10
100.54	10
100.56	10
100.58	10
100.6	10
100.62	10
100.64	10
100.66	10
100.68	10
100.7	10
100.72	10
100.74	10
100.76	10
100.78	10
100.8	10
100.82	10
100.84	10
100.86	10
100.88	10
100.9	10
100.92	10
100.94	10
100.96	10
100.98	10
101	10
101.02	10
101.04	10
101.06	10
101.08	10
101.1	10
101.12	10
101.14	10
101.16	10
101.18	10
101.2	10
101.22	10
101.24	10
101.26	10
101.28	10
101.3	10
101.32	10
101.34	10
101.36	10
101.38	10
101.4	10
101.42	10
101.44	10
101.46	10
101.48	10
101.5	10
101.52	10
101.54	10
101.56	10
101.58	10
101.6	10
101.62	10
101.64	10
101.66	10
101.68	10
101.7	10
101.72	10
101.74	10
101.76	10
101.78	10
101.8	10
101.82	10
101.84	10
101.86	10
101.88	10
101.9	10
101.92	10
101.94	10
101.96	10
101.98	10
102	10
102.02	10
102.04	10
102.06	10
102.08	10
102.1	10
102.12	10
102.14	10
102.16	10
102.18	10
102.2	10
102.22	10
102.24	10
102.26	10
102.28	10
102.3	10
102.32	10
102.34	10
102.36	10
102.38	10
102.4	10
102.42	10
102.44	10
102.46	10
102.48	10
102.5	10
102.52	10
102.54	10
102.56	10
102.58	10
102.6	10
102.62	10
102.64	10
102.66	10
102.68	10
102.7	10
102.72	10
102.74	10
102.76	10
102.78	10
102.8	10
102.82	10
102.84	10
102.86	10
102.88	10
102.9	10
102.92	10
102.94	10
102.96	10
102.98	10
103	10
103.02	10
103.04	10
103.06	10
103.08	10
103.1	10
103.12	10
103.14	10
103.16	10
103.18	10
103.2	10
103.22	10
103.24	10
103.26	10
103.28	10
103.3	10
103.32	10
103.34	10
103.36	10
103.38	10
103.4	10
103.42	10
103.44	10
103.46	10
103.48	10
103.5	10
103.52	10
103.54	10
103.56	10
103.58	10
103.6	10
103.62	10
103.64	10
103.66	10
103.68	10
103.7	10
103.72	10
103.74	10
103.76	10
103.78	10
103.8	10
103.82	10
103.84	10
103.86	10
103.88	10
103.9	10
103.92	10
103.94	10
103.96	10
103.98	10
104	10
104.02	10
104.04	10
104.06	10
104.08	10
104.1	10
104.12	10
104.14	10
104.16	10
104.18	10
104.2	10
104.22	10
104.24	10
104.26	10
104.28	10
104.3	10
104.32	10
104.34	10
104.36	10
104.38	10
104.4	10
104.42	10
104.44	10
104.46	10
104.48	10
104.5	10
104.52	10
104.54	10
104.56	10
104.58	10
104.6	10
104.62	10
104.64	10
104.66	10
104.68	10
104.7	10
104.72	10
104.74	10
104.76	10
104.78	10
104.8	10
104.82	10
104.84	10
104.86	10
104.88	10
104.9	10
104.92	10
104.94	10
104.96	10
104.98	10
105	10
105.02	10
105.04	10
105.06	10
105.08	10
105.1	10
105.12	10
105.14	10
105.16	10
105.18	10
105.2	10
105.22	10
105.24	10
105.26	10
105.28	10
105.3	10
105.32	10
105.34	10
105.36	10
105.38	10
105.4	10
105.42	10
105.44	10
105.46	10
105.48	10
105.5	10
105.52	10
105.54	10
105.56	10
105.58	10
105.6	10
105.62	10
105.64	10
105.66	10
105.68	10
105.7	10
105.72	10
105.74	10
105.76	10
105.78	10
105.8	10
105.82	10
105.84	10
105.86	10
105.88	10
105.9	10
105.92	10
105.94	10
105.96	10
105.98	10
106	10
106.02	10
106.04	10
106.06	10
106.08	10
106.1	10
106.12	10
106.14	10
106.16	10
106.18	10
106.2	10
106.22	10
106.24	10
106.26	10
106.28	10
106.3	10
106.32	10
106.34	10
106.36	10
106.38	10
106.4	10
106.42	10
106.44	10
106.46	10
106.48	10
106.5	10
106.52	10
106.54	10
106.56	10
106.58	10
106.6	10
106.62	10
106.64	10
106.66	10
106.68	10
106.7	10
106.72	10
106.74	10
106.76	10
106.78	10
106.8	10
106.82	10
106.84	10
106.86	10
106.88	10
106.9	10
106.92	10
106.94	10
106.96	10
106.98	10
107	10
107.02	10
107.04	10
107.06	10
107.08	10
107.1	10
107.12	10
107.14	10
107.16	10
107.18	10
107.2	10
107.22	10
107.24	10
107.26	10
107.28	10
107.3	10
107.32	10
107.34	10
107.36	10
107.38	10
107.4	10
107.42	10
107.44	10
107.46	10
107.48	10
107.5	10
107.52	10
107.54	10
107.56	10
107.58	10
107.6	10
107.62	10
107.64	10
107.66	10
107.68	10
107.7	10
107.72	10
107.74	10
107.76	10
107.78	10
107.8	10
107.82	10
107.84	10
107.86	10
107.88	10
107.9	10
107.92	10
107.94	10
107.96	10
107.98	10
108	10
108.02	10
108.04	10
108.06	10
108.08	10
108.1	10
108.12	10
108.14	10
108.16	10
108.18	10
108.2	10
108.22	10
108.24	10
108.26	10
108.28	10
108.3	10
108.32	10
108.34	10
108.36	10
108.38	10
108.4	10
108.42	10
108.44	10
108.46	10
108.48	10
108.5	10
108.52	10
108.54	10
108.56	10
108.58	10
108.6	10
108.62	10
108.64	10
108.66	10
108.68	10
108.7	10
108.72	10
108.74	10
108.76	10
108.78	10
108.8	10
108.82	10
108.84	10
108.86	10
108.88	10
108.9	10
108.92	10
108.94	10
108.96	10
108.98	10
109	10
109.02	10
109.04	10
109.06	10
109.08	10
109.1	10
109.12	10
109.14	10
109.16	10
109.18	10
109.2	10
109.22	10
109.24	10
109.26	10
109.28	10
109.3	10
109.32	10
109.34	10
109.36	10
109.38	10
109.4	10
109.42	10
109.44	10
109.46	10
109.48	10
109.5	10
109.52	10
109.54	10
109.56	10
109.58	10
109.6	10
109.62	10
109.64	10
109.66	10
109.68	10
109.7	10
109.72	10
109.74	10
109.76	10
109.78	10
109.8	10
109.82	10
109.84	10
109.86	10
109.88	10
109.9	10
109.92	10
109.94	10
109.96	10
109.98	10
110	10
110.02	10
110.04	10
110.06	10
110.08	10
110.1	10
110.12	10
110.14	10
110.16	10
110.18	10
110.2	10
110.22	10
110.24	10
110.26	10
110.28	10
110.3	10
110.32	10
110.34	10
110.36	10
110.38	10
110.4	10
110.42	10
110.44	10
110.46	10
110.48	10
110.5	10
110.52	10
110.54	10
110.56	10
110.58	10
110.6	10
110.62	10
110.64	10
110.66	10
110.68	10
110.7	10
110.72	10
110.74	10
110.76	10
110.78	10
110.8	10
110.82	10
110.84	10
110.86	10
110.88	10
110.9	10
110.92	10
110.94	10
110.96	10
110.98	10
111	10
111.02	10
111.04	10
111.06	10
111.08	10
111.1	10
111.12	10
111.14	10
111.16	10
111.18	10
111.2	10
111.22	10
111.24	10
111.26	10
111.28	10
111.3	10
111.32	10
111.34	10
111.36	10
111.38	10
111.4	10
111.42	10
111.44	10
111.46	10
111.48	10
111.5	10
111.52	10
111.54	10
111.56	10
111.58	10
111.6	10
111.62	10
111.64	10
111.66	10
111.68	10
111.7	10
111.72	10
111.74	10
111.76	10
111.78	10
111.8	10
111.82	10
111.84	10
111.86	10
111.88	10
111.9	10
111.92	10
111.94	10
111.96	10
111.98	10
112	10
112.02	10
112.04	10
112.06	10
112.08	10
112.1	10
112.12	10
112.14	10
112.16	10
112.18	10
112.2	10
112.22	10
112.24	10
112.26	10
112.28	10
112.3	10
112.32	10
112.34	10
112.36	10
112.38	10
112.4	10
112.42	10
112.44	10
112.46	10
112.48	10
112.5	10
112.52	10
112.54	10
112.56	10
112.58	10
112.6	10
112.62	10
112.64	10
112.66	10
112.68	10
112.7	10
112.72	10
112.74	10
112.76	10
112.78	10
112.8	10
112.82	10
112.84	10
112.86	10
112.88	10
112.9	10
112.92	10
112.94	10
112.96	10
112.98	10
113	10
113.02	10
113.04	10
113.06	10
113.08	10
113.1	10
113.12	10
113.14	10
113.16	10
113.18	10
113.2	10
113.22	10
113.24	10
113.26	10
113.28	10
113.3	10
113.32	10
113.34	10
113.36	10
113.38	10
113.4	10
113.42	10
113.44	10
113.46	10
113.48	10
113.5	10
113.52	10
113.54	10
113.56	10
113.58	10
113.6	10
113.62	10
113.64	10
113.66	10
113.68	10
113.7	10
113.72	10
113.74	10
113.76	10
113.78	10
113.8	10
113.82	10
113.84	10
113.86	10
113.88	10
113.9	10
113.92	10
113.94	10
113.96	10
113.98	10
114	10
114.02	10
114.04	10
114.06	10
114.08	10
114.1	10
114.12	10
114.14	10
114.16	10
114.18	10
114.2	10
114.22	10
114.24	10
114.26	10
114.28	10
114.3	10
114.32	10
114.34	10
114.36	10
114.38	10
114.4	10
114.42	10
114.44	10
114.46	10
114.48	10
114.5	10
114.52	10
114.54	10
114.56	10
114.58	10
114.6	10
114.62	10
114.64	10
114.66	10
114.68	10
114.7	10
114.72	10
114.74	10
114.76	10
114.78	10
114.8	10
114.82	10
114.84	10
114.86	10
114.88	10
114.9	10
114.92	10
114.94	10
114.96	10
114.98	10
115	10
115.02	10
115.04	10
115.06	10
115.08	10
115.1	10
115.12	10
115.14	10
115.16	10
115.18	10
115.2	10
115.22	10
115.24	10
115.26	10
115.28	10
115.3	10
115.32	10
115.34	10
115.36	10
115.38	10
115.4	10
115.42	10
115.44	10
115.46	10
115.48	10
115.5	10
115.52	10
115.54	10
115.56	10
115.58	10
115.6	10
115.62	10
115.64	10
115.66	10
115.68	10
115.7	10
115.72	10
115.74	10
115.76	10
115.78	10
115.8	10
115.82	10
115.84	10
115.86	10
115.88	10
115.9	10
115.92	10
115.94	10
115.96	10
115.98	10
116	10
116.02	10
116.04	10
116.06	10
116.08	10
116.1	10
116.12	10
116.14	10
116.16	10
116.18	10
116.2	10
116.22	10
116.24	10
116.26	10
116.28	10
116.3	10
116.32	10
116.34	10
116.36	10
116.38	10
116.4	10
116.42	10
116.44	10
116.46	10
116.48	10
116.5	10
116.52	10
116.54	10
116.56	10
116.58	10
116.6	10
116.62	10
116.64	10
116.66	10
116.68	10
116.7	10
116.72	10
116.74	10
116.76	10
116.78	10
116.8	10
116.82	10
116.84	10
116.86	10
116.88	10
116.9	10
116.92	10
116.94	10
116.96	10
116.98	10
117	10
117.02	10
117.04	10
117.06	10
117.08	10
117.1	10
117.12	10
117.14	10
117.16	10
117.18	10
117.2	10
117.22	10
117.24	10
117.26	10
117.28	10
117.3	10
117.32	10
117.34	10
117.36	10
117.38	10
117.4	10
117.42	10
117.44	10
117.46	10
117.48	10
117.5	10
117.52	10
117.54	10
117.56	10
117.58	10
117.6	10
117.62	10
117.64	10
117.66	10
117.68	10
117.7	10
117.72	10
117.74	10
117.76	10
117.78	10
117.8	10
117.82	10
117.84	10
117.86	10
117.88	10
117.9	10
117.92	10
117.94	10
117.96	10
117.98	10
118	10
118.02	10
118.04	10
118.06	10
118.08	10
118.1	10
118.12	10
118.14	10
118.16	10
118.18	10
118.2	10
118.22	10
118.24	10
118.26	10
118.28	10
118.3	10
118.32	10
118.34	10
118.36	10
118.38	10
118.4	10
118.42	10
118.44	10
118.46	10
118.48	10
118.5	10
118.52	10
118.54	10
118.56	10
118.58	10
118.6	10
118.62	10
118.64	10
118.66	10
118.68	10
118.7	10
118.72	10
118.74	10
118.76	10
118.78	10
118.8	10
118.82	10
118.84	10
118.86	10
118.88	10
118.9	10
118.92	10
118.94	10
118.96	10
118.98	10
119	10
119.02	10
119.04	10
119.06	10
119.08	10
119.1	10
119.12	10
119.14	10
119.16	10
119.18	10
119.2	10
119.22	10
119.24	10
119.26	10
119.28	10
119.3	10
119.32	10
119.34	10
119.36	10
119.38	10
119.4	10
119.42	10
119.44	10
119.46	10
119.48	10
119.5	10
119.52	10
119.54	10
119.56	10
119.58	10
119.6	10
119.62	10
119.64	10
119.66	10
119.68	10
119.7	10
119.72	10
119.74	10
119.76	10
119.78	10
119.8	10
119.82	10
119.84	10
119.86	10
119.88	10
119.9	10
119.92	10
119.94	10
119.96	10
119.98	10
120	10
